Date,High,Low,Open,Close,Volume,Adj Close
2016-02-08,33.959999084472656,33.0,33.25,33.650001525878906,367800,33.650001525878906
2016-02-09,34.40999984741211,33.22999954223633,33.310001373291016,34.20000076293945,425600,34.20000076293945
2016-02-10,34.9900016784668,32.790000915527344,34.880001068115234,33.09000015258789,729900,33.09000015258789
2016-02-11,30.8700008392334,28.020000457763672,30.5,28.389999389648438,1705000,28.389999389648438
2016-02-12,29.75,28.399999618530273,28.610000610351562,29.700000762939453,661600,29.700000762939453
2016-02-16,30.8799991607666,29.809999465942383,29.979999542236328,30.719999313354492,260800,30.719999313354492
2016-02-17,31.31999969482422,30.1200008392334,30.860000610351562,30.149999618530273,396600,30.149999618530273
2016-02-18,30.479999542236328,29.559999465942383,30.1200008392334,30.190000534057617,291600,30.190000534057617
2016-02-19,30.770000457763672,29.809999465942383,30.110000610351562,30.479999542236328,383300,30.479999542236328
2016-02-22,31.440000534057617,30.520000457763672,30.889999389648438,31.200000762939453,446500,31.200000762939453
2016-02-23,31.399999618530273,29.5,31.18000030517578,30.290000915527344,461900,30.290000915527344
2016-02-24,30.729999542236328,29.5,30.09000015258789,30.530000686645508,191800,30.530000686645508
2016-02-25,31.270000457763672,30.68000030517578,30.68000030517578,31.239999771118164,227900,31.239999771118164
2016-02-26,31.780000686645508,31.040000915527344,31.450000762939453,31.190000534057617,196800,31.190000534057617
2016-02-29,31.84000015258789,31.18000030517578,31.200000762939453,31.34000015258789,307900,31.34000015258789
2016-03-01,32.0,31.329999923706055,31.520000457763672,31.690000534057617,221800,31.690000534057617
2016-03-02,31.8700008392334,31.34000015258789,31.520000457763672,31.770000457763672,181200,31.770000457763672
2016-03-03,32.150001525878906,31.610000610351562,31.610000610351562,32.0099983215332,225700,32.0099983215332
2016-03-04,32.79999923706055,32.0,32.06999969482422,32.7400016784668,404900,32.7400016784668
2016-03-07,33.08000183105469,32.41999816894531,32.66999816894531,32.84000015258789,214800,32.84000015258789
2016-03-08,33.34000015258789,32.099998474121094,32.40999984741211,32.119998931884766,194400,32.119998931884766
2016-03-09,32.650001525878906,31.40999984741211,31.989999771118164,32.310001373291016,196100,32.310001373291016
2016-03-10,32.720001220703125,31.59000015258789,32.20000076293945,31.8700008392334,150500,31.8700008392334
2016-03-11,33.220001220703125,32.189998626708984,32.290000915527344,33.13999938964844,172700,33.13999938964844
2016-03-14,33.88999938964844,32.90999984741211,33.099998474121094,33.7400016784668,371700,33.7400016784668
2016-03-15,33.939998626708984,33.29999923706055,33.560001373291016,33.43000030517578,216500,33.43000030517578
2016-03-16,34.31999969482422,33.20000076293945,33.439998626708984,34.099998474121094,206900,34.099998474121094
2016-03-17,36.0,34.220001220703125,34.220001220703125,35.439998626708984,427900,35.439998626708984
2016-03-18,34.9900016784668,33.599998474121094,34.9900016784668,34.65999984741211,520700,34.65999984741211
2016-03-21,35.040000915527344,34.34000015258789,34.86000061035156,34.41999816894531,225300,34.41999816894531
2016-03-22,34.95000076293945,33.400001525878906,34.34000015258789,34.939998626708984,170200,34.939998626708984
2016-03-23,35.0099983215332,34.29999923706055,34.90999984741211,34.43000030517578,253000,34.43000030517578
2016-03-24,34.18000030517578,33.84000015258789,34.18000030517578,34.0,183700,34.0
2016-03-28,34.369998931884766,33.72999954223633,34.220001220703125,33.77000045776367,153100,33.77000045776367
2016-03-29,34.9900016784668,33.20000076293945,33.38999938964844,34.779998779296875,257100,34.779998779296875
2016-03-30,35.5099983215332,35.029998779296875,35.130001068115234,35.27000045776367,266800,35.27000045776367
2016-03-31,35.54999923706055,35.15999984741211,35.400001525878906,35.29999923706055,253100,35.29999923706055
2016-04-01,35.65999984741211,34.970001220703125,35.02000045776367,35.400001525878906,277300,35.400001525878906
2016-04-04,35.459999084472656,34.290000915527344,35.459999084472656,34.59000015258789,325700,34.59000015258789
2016-04-05,35.189998626708984,34.150001525878906,34.150001525878906,34.779998779296875,232700,34.779998779296875
2016-04-06,35.40999984741211,34.4900016784668,34.779998779296875,35.290000915527344,329900,35.290000915527344
2016-04-07,35.290000915527344,34.5099983215332,34.97999954223633,34.54999923706055,243900,34.54999923706055
2016-04-08,34.9900016784668,34.54999923706055,34.7599983215332,34.709999084472656,196300,34.709999084472656
2016-04-11,35.2599983215332,34.66999816894531,34.869998931884766,34.77000045776367,163100,34.77000045776367
2016-04-12,35.2400016784668,34.439998626708984,34.619998931884766,35.060001373291016,171500,35.060001373291016
2016-04-13,35.810001373291016,35.15999984741211,35.290000915527344,35.63999938964844,249700,35.63999938964844
2016-04-14,35.779998779296875,35.38999938964844,35.65999984741211,35.470001220703125,150500,35.470001220703125
2016-04-15,35.4900016784668,34.959999084472656,35.27000045776367,35.40999984741211,135500,35.40999984741211
2016-04-18,35.810001373291016,35.09000015258789,35.2400016784668,35.470001220703125,222100,35.470001220703125
2016-04-19,35.70000076293945,35.290000915527344,35.5,35.369998931884766,170800,35.369998931884766
2016-04-20,36.0,34.849998474121094,35.5099983215332,35.09000015258789,215200,35.09000015258789
2016-04-21,35.689998626708984,34.22999954223633,34.790000915527344,35.29999923706055,283600,35.29999923706055
2016-04-22,35.75,35.27000045776367,35.45000076293945,35.40999984741211,273500,35.40999984741211
2016-04-25,35.439998626708984,34.5,35.209999084472656,34.790000915527344,361000,34.790000915527344
2016-04-26,35.59000015258789,34.2400016784668,34.7400016784668,34.7599983215332,361300,34.7599983215332
2016-04-27,38.540000915527344,34.88999938964844,35.18000030517578,37.95000076293945,1821100,37.95000076293945
2016-04-28,37.70000076293945,36.66999816894531,37.630001068115234,36.849998474121094,721300,36.849998474121094
2016-04-29,37.779998779296875,36.58000183105469,36.63999938964844,37.380001068115234,387400,37.380001068115234
2016-05-02,38.560001373291016,37.220001220703125,37.689998626708984,37.75,528200,37.75
2016-05-03,37.9900016784668,37.11000061035156,37.58000183105469,37.689998626708984,240000,37.689998626708984
2016-05-04,37.81999969482422,37.0,37.29999923706055,37.16999816894531,251300,37.16999816894531
2016-05-05,37.40999984741211,37.029998779296875,37.220001220703125,37.189998626708984,219700,37.189998626708984
2016-05-06,37.790000915527344,36.75,36.90999984741211,37.790000915527344,261800,37.790000915527344
2016-05-09,38.209999084472656,37.31999969482422,37.779998779296875,37.43000030517578,238600,37.43000030517578
2016-05-10,37.9900016784668,37.33000183105469,37.529998779296875,37.939998626708984,293900,37.939998626708984
2016-05-11,38.5099983215332,37.599998474121094,37.900001525878906,37.619998931884766,271700,37.619998931884766
2016-05-12,38.0,37.31999969482422,37.779998779296875,37.88999938964844,308200,37.88999938964844
2016-05-13,38.0,37.630001068115234,37.97999954223633,37.90999984741211,277600,37.90999984741211
2016-05-16,37.97999954223633,37.400001525878906,37.90999984741211,37.650001525878906,271300,37.650001525878906
2016-05-17,37.97999954223633,37.18000030517578,37.68000030517578,37.369998931884766,337000,37.369998931884766
2016-05-18,38.02000045776367,37.099998474121094,37.33000183105469,37.59000015258789,205100,37.59000015258789
2016-05-19,37.630001068115234,36.9900016784668,37.5,37.150001525878906,240300,37.150001525878906
2016-05-20,37.880001068115234,37.38999938964844,37.41999816894531,37.68000030517578,411400,37.68000030517578
2016-05-23,38.41999816894531,37.560001373291016,37.650001525878906,38.029998779296875,295800,38.029998779296875
2016-05-24,38.84000015258789,37.93000030517578,38.0,38.560001373291016,498600,38.560001373291016
2016-05-25,38.939998626708984,38.25,38.79999923706055,38.369998931884766,313900,38.369998931884766
2016-05-26,39.0,38.09000015258789,38.540000915527344,38.22999954223633,246500,38.22999954223633
2016-05-27,38.4900016784668,38.150001525878906,38.349998474121094,38.459999084472656,301300,38.459999084472656
2016-05-31,38.779998779296875,38.25,38.470001220703125,38.5,566200,38.5
2016-06-01,38.79999923706055,38.16999816894531,38.5,38.4900016784668,515600,38.4900016784668
2016-06-02,38.66999816894531,37.97999954223633,38.06999969482422,38.470001220703125,250400,38.470001220703125
2016-06-03,38.47999954223633,38.08000183105469,38.25,38.220001220703125,253900,38.220001220703125
2016-06-06,38.41999816894531,37.900001525878906,38.20000076293945,38.279998779296875,280100,38.279998779296875
2016-06-07,38.47999954223633,38.099998474121094,38.15999984741211,38.369998931884766,332000,38.369998931884766
2016-06-08,38.4900016784668,38.2599983215332,38.439998626708984,38.29999923706055,327000,38.29999923706055
2016-06-09,38.369998931884766,37.91999816894531,38.189998626708984,38.099998474121094,205400,38.099998474121094
2016-06-10,38.04999923706055,37.52000045776367,37.880001068115234,37.619998931884766,251000,37.619998931884766
2016-06-13,37.709999084472656,37.06999969482422,37.15999984741211,37.16999816894531,283400,37.16999816894531
2016-06-14,37.43000030517578,36.88999938964844,37.130001068115234,37.0,299900,37.0
2016-06-15,37.5,37.02000045776367,37.18000030517578,37.119998931884766,297200,37.119998931884766
2016-06-16,36.959999084472656,36.400001525878906,36.959999084472656,36.75,380500,36.75
2016-06-17,37.25,36.810001373291016,36.880001068115234,36.939998626708984,437400,36.939998626708984
2016-06-20,37.47999954223633,36.70000076293945,37.369998931884766,36.720001220703125,278100,36.720001220703125
2016-06-21,37.029998779296875,36.400001525878906,36.900001525878906,36.650001525878906,293200,36.650001525878906
2016-06-22,36.869998931884766,36.11000061035156,36.63999938964844,36.16999816894531,347500,36.16999816894531
2016-06-23,36.869998931884766,36.31999969482422,36.58000183105469,36.36000061035156,282700,36.36000061035156
2016-06-24,35.7599983215332,35.130001068115234,35.25,35.54999923706055,993200,35.54999923706055
2016-06-27,35.43000030517578,33.900001525878906,35.220001220703125,33.95000076293945,760000,33.95000076293945
2016-06-28,34.689998626708984,34.150001525878906,34.209999084472656,34.34000015258789,310800,34.34000015258789
2016-06-29,34.970001220703125,34.459999084472656,34.810001373291016,34.63999938964844,242900,34.63999938964844
2016-06-30,35.099998474121094,34.43000030517578,34.56999969482422,35.08000183105469,327900,35.08000183105469
2016-07-01,35.25,34.529998779296875,34.9900016784668,34.77000045776367,189000,34.77000045776367
2016-07-05,34.810001373291016,34.459999084472656,34.709999084472656,34.47999954223633,232500,34.47999954223633
2016-07-06,34.709999084472656,34.27000045776367,34.38999938964844,34.529998779296875,221000,34.529998779296875
2016-07-07,34.970001220703125,34.470001220703125,34.63999938964844,34.900001525878906,224600,34.900001525878906
2016-07-08,35.47999954223633,35.099998474121094,35.15999984741211,35.38999938964844,244000,35.38999938964844
2016-07-11,35.81999969482422,35.400001525878906,35.5,35.63999938964844,155000,35.63999938964844
2016-07-12,36.380001068115234,35.779998779296875,35.90999984741211,36.02000045776367,202400,36.02000045776367
2016-07-13,36.27000045776367,35.79999923706055,35.959999084472656,36.02000045776367,221900,36.02000045776367
2016-07-14,36.279998779296875,35.810001373291016,36.13999938964844,35.869998931884766,157700,35.869998931884766
2016-07-15,36.29999923706055,35.79999923706055,36.06999969482422,36.29999923706055,231000,36.29999923706055
2016-07-18,36.779998779296875,36.279998779296875,36.400001525878906,36.630001068115234,298400,36.630001068115234
2016-07-19,36.900001525878906,36.41999816894531,36.560001373291016,36.68000030517578,253700,36.68000030517578
2016-07-20,37.20000076293945,36.459999084472656,36.900001525878906,36.7599983215332,234100,36.7599983215332
2016-07-21,36.95000076293945,36.400001525878906,36.77000045776367,36.5,388200,36.5
2016-07-22,36.95000076293945,36.16999816894531,36.34000015258789,36.709999084472656,225600,36.709999084472656
2016-07-25,36.970001220703125,36.52000045776367,36.790000915527344,36.720001220703125,243100,36.720001220703125
2016-07-26,37.06999969482422,36.65999984741211,36.720001220703125,36.88999938964844,308000,36.88999938964844
2016-07-27,38.380001068115234,36.5,36.95000076293945,38.36000061035156,655800,38.36000061035156
2016-07-28,38.400001525878906,37.279998779296875,38.130001068115234,37.59000015258789,376400,37.59000015258789
2016-07-29,37.97999954223633,37.56999969482422,37.689998626708984,37.91999816894531,340900,37.91999816894531
2016-08-01,38.369998931884766,37.880001068115234,38.060001373291016,38.13999938964844,266900,38.13999938964844
2016-08-02,38.349998474121094,37.959999084472656,38.2400016784668,37.959999084472656,293200,37.959999084472656
2016-08-03,38.279998779296875,37.81999969482422,37.91999816894531,38.08000183105469,212500,38.08000183105469
2016-08-04,38.709999084472656,38.08000183105469,38.08000183105469,38.38999938964844,235000,38.38999938964844
2016-08-05,39.77000045776367,38.41999816894531,38.41999816894531,39.650001525878906,474800,39.650001525878906
2016-08-08,40.16999816894531,39.43000030517578,39.5,40.04999923706055,439100,40.04999923706055
2016-08-09,40.380001068115234,39.81999969482422,40.0,40.22999954223633,285300,40.22999954223633
2016-08-10,40.380001068115234,39.959999084472656,40.380001068115234,40.08000183105469,208300,40.08000183105469
2016-08-11,40.47999954223633,40.0,40.099998474121094,40.209999084472656,188600,40.209999084472656
2016-08-12,40.369998931884766,39.95000076293945,40.060001373291016,40.27000045776367,130600,40.27000045776367
2016-08-15,40.93000030517578,40.27000045776367,40.4900016784668,40.65999984741211,279300,40.65999984741211
2016-08-16,40.869998931884766,40.459999084472656,40.709999084472656,40.459999084472656,353900,40.459999084472656
2016-08-17,40.400001525878906,39.779998779296875,40.38999938964844,39.959999084472656,320800,39.959999084472656
2016-08-18,40.290000915527344,39.77000045776367,39.91999816894531,40.099998474121094,186100,40.099998474121094
2016-08-19,40.29999923706055,39.70000076293945,39.959999084472656,40.18000030517578,310500,40.18000030517578
2016-08-22,40.599998474121094,40.0,40.0,40.5,348500,40.5
2016-08-23,40.560001373291016,40.27000045776367,40.5,40.36000061035156,264000,40.36000061035156
2016-08-24,40.849998474121094,40.25,40.400001525878906,40.59000015258789,418400,40.59000015258789
2016-08-25,40.650001525878906,40.310001373291016,40.54999923706055,40.439998626708984,353900,40.439998626708984
2016-08-26,40.869998931884766,40.130001068115234,40.47999954223633,40.41999816894531,315400,40.41999816894531
2016-08-29,40.41999816894531,40.02000045776367,40.36000061035156,40.040000915527344,210000,40.040000915527344
2016-08-30,40.47999954223633,40.04999923706055,40.04999923706055,40.189998626708984,175500,40.189998626708984
2016-08-31,40.369998931884766,39.58000183105469,40.310001373291016,39.86000061035156,249200,39.86000061035156
2016-09-01,40.22999954223633,39.380001068115234,40.22999954223633,39.61000061035156,233800,39.61000061035156
2016-09-02,40.08000183105469,39.43000030517578,39.58000183105469,39.79999923706055,221700,39.79999923706055
2016-09-06,39.95000076293945,39.65999984741211,39.75,39.880001068115234,222700,39.880001068115234
2016-09-07,40.38999938964844,39.689998626708984,39.689998626708984,40.310001373291016,406800,40.310001373291016
2016-09-08,40.380001068115234,39.959999084472656,40.08000183105469,40.18000030517578,313300,40.18000030517578
2016-09-09,40.0,39.08000183105469,39.81999969482422,39.09000015258789,317400,39.09000015258789
2016-09-12,39.619998931884766,38.189998626708984,38.849998474121094,39.45000076293945,220400,39.45000076293945
2016-09-13,39.52000045776367,39.0,39.18000030517578,39.290000915527344,219700,39.290000915527344
2016-09-14,39.72999954223633,39.20000076293945,39.470001220703125,39.310001373291016,147600,39.310001373291016
2016-09-15,40.88999938964844,39.59000015258789,39.59000015258789,40.81999969482422,426900,40.81999969482422
2016-09-16,40.880001068115234,40.099998474121094,40.790000915527344,40.150001525878906,407700,40.150001525878906
2016-09-19,40.779998779296875,40.220001220703125,40.220001220703125,40.619998931884766,200600,40.619998931884766
2016-09-20,41.5099983215332,40.689998626708984,40.84000015258789,41.40999984741211,365600,41.40999984741211
2016-09-21,43.279998779296875,41.599998474121094,42.40999984741211,43.16999816894531,648300,43.16999816894531
2016-09-22,44.20000076293945,42.81999969482422,43.630001068115234,43.22999954223633,441300,43.22999954223633
2016-09-23,44.279998779296875,42.63999938964844,44.279998779296875,42.66999816894531,226900,42.66999816894531
2016-09-26,43.56999969482422,42.36000061035156,43.56999969482422,42.630001068115234,173100,42.630001068115234
2016-09-27,43.540000915527344,42.5,42.5,43.5,299600,43.5
2016-09-28,44.04999923706055,43.279998779296875,43.619998931884766,44.029998779296875,335500,44.029998779296875
2016-09-29,44.66999816894531,43.70000076293945,43.79999923706055,43.84000015258789,360000,43.84000015258789
2016-09-30,44.189998626708984,43.68000030517578,44.119998931884766,43.97999954223633,215800,43.97999954223633
2016-10-03,43.959999084472656,43.2400016784668,43.7400016784668,43.470001220703125,233900,43.470001220703125
2016-10-04,43.790000915527344,42.91999816894531,43.7400016784668,43.09000015258789,181000,43.09000015258789
2016-10-05,43.54999923706055,43.06999969482422,43.119998931884766,43.470001220703125,204300,43.470001220703125
2016-10-06,43.66999816894531,42.75,43.34000015258789,43.65999984741211,177900,43.65999984741211
2016-10-07,45.0099983215332,42.90999984741211,45.0099983215332,43.099998474121094,119800,43.099998474121094
2016-10-10,43.880001068115234,43.0,43.40999984741211,43.59000015258789,118400,43.59000015258789
2016-10-11,43.689998626708984,42.459999084472656,43.689998626708984,42.83000183105469,164000,42.83000183105469
2016-10-12,43.13999938964844,42.720001220703125,42.970001220703125,42.93000030517578,97200,42.93000030517578
2016-10-13,42.779998779296875,42.060001373291016,42.61000061035156,42.369998931884766,187100,42.369998931884766
2016-10-14,43.5,42.5099983215332,42.68000030517578,43.33000183105469,344200,43.33000183105469
2016-10-17,45.099998474121094,43.650001525878906,43.75,44.79999923706055,527600,44.79999923706055
2016-10-18,46.5,43.709999084472656,45.83000183105469,44.90999984741211,491500,44.90999984741211
2016-10-19,46.13999938964844,44.630001068115234,44.90999984741211,45.90999984741211,298200,45.90999984741211
2016-10-20,46.150001525878906,45.47999954223633,45.79999923706055,45.689998626708984,323300,45.689998626708984
2016-10-21,45.380001068115234,44.439998626708984,45.380001068115234,44.63999938964844,396700,44.63999938964844
2016-10-24,45.47999954223633,44.459999084472656,45.09000015258789,44.52000045776367,197800,44.52000045776367
2016-10-25,44.79999923706055,43.849998474121094,44.79999923706055,43.939998626708984,298000,43.939998626708984
2016-10-26,50.84000015258789,47.099998474121094,47.79999923706055,48.93000030517578,1856000,48.93000030517578
2016-10-27,49.619998931884766,48.34000015258789,49.040000915527344,49.459999084472656,549900,49.459999084472656
2016-10-28,50.810001373291016,49.060001373291016,49.400001525878906,49.56999969482422,520800,49.56999969482422
2016-10-31,50.779998779296875,49.189998626708984,49.59000015258789,50.70000076293945,466500,50.70000076293945
2016-11-01,50.84000015258789,48.84000015258789,50.84000015258789,49.5099983215332,523800,49.5099983215332
2016-11-02,50.56999969482422,48.84000015258789,49.66999816894531,49.400001525878906,408200,49.400001525878906
2016-11-03,49.43000030517578,48.459999084472656,49.279998779296875,48.86000061035156,330300,48.86000061035156
2016-11-04,51.150001525878906,48.849998474121094,48.849998474121094,50.060001373291016,570000,50.060001373291016
2016-11-07,51.540000915527344,50.5099983215332,51.189998626708984,51.0,357400,51.0
2016-11-08,51.2599983215332,50.619998931884766,50.95000076293945,50.93000030517578,214900,50.93000030517578
2016-11-09,52.15999984741211,49.4900016784668,49.83000183105469,51.70000076293945,470800,51.70000076293945
2016-11-10,54.02000045776367,51.31999969482422,54.02000045776367,52.119998931884766,430700,52.119998931884766
2016-11-11,53.72999954223633,52.349998474121094,52.65999984741211,53.29999923706055,455500,53.29999923706055
2016-11-14,53.900001525878906,51.83000183105469,53.380001068115234,52.02000045776367,404200,52.02000045776367
2016-11-15,52.599998474121094,51.79999923706055,52.0,52.540000915527344,235700,52.540000915527344
2016-11-16,53.650001525878906,52.459999084472656,52.70000076293945,53.41999816894531,266300,53.41999816894531
2016-11-17,55.16999816894531,54.099998474121094,55.02000045776367,54.79999923706055,344400,54.79999923706055
2016-11-18,55.7599983215332,54.79999923706055,55.0,55.040000915527344,321500,55.040000915527344
2016-11-21,55.4900016784668,53.810001373291016,55.099998474121094,54.09000015258789,374200,54.09000015258789
2016-11-22,55.47999954223633,54.36000061035156,54.40999984741211,54.95000076293945,314700,54.95000076293945
2016-11-23,55.130001068115234,54.29999923706055,54.68000030517578,54.77000045776367,212900,54.77000045776367
2016-11-25,55.68000030517578,54.43000030517578,54.83000183105469,55.09000015258789,158900,55.09000015258789
2016-11-28,56.15999984741211,55.099998474121094,55.27000045776367,55.790000915527344,587300,55.790000915527344
2016-11-29,58.16999816894531,55.810001373291016,55.9900016784668,57.68000030517578,812800,57.68000030517578
2016-11-30,57.970001220703125,56.810001373291016,57.72999954223633,57.0,423300,57.0
2016-12-01,57.93000030517578,55.900001525878906,57.220001220703125,56.40999984741211,520700,56.40999984741211
2016-12-02,57.20000076293945,55.79999923706055,56.130001068115234,55.88999938964844,502200,55.88999938964844
2016-12-05,58.279998779296875,56.5,56.52000045776367,57.939998626708984,449300,57.939998626708984
2016-12-06,58.91999816894531,57.790000915527344,58.13999938964844,58.75,436600,58.75
2016-12-07,59.349998474121094,58.349998474121094,59.04999923706055,59.27000045776367,280600,59.27000045776367
2016-12-08,59.88999938964844,58.88999938964844,59.150001525878906,59.65999984741211,332900,59.65999984741211
2016-12-09,59.70000076293945,58.5099983215332,59.439998626708984,58.54999923706055,385900,58.54999923706055
2016-12-12,59.9900016784668,58.0,59.9900016784668,59.400001525878906,433800,59.400001525878906
2016-12-13,60.86000061035156,59.400001525878906,59.400001525878906,60.16999816894531,628700,60.16999816894531
2016-12-14,60.560001373291016,58.779998779296875,60.20000076293945,58.970001220703125,344900,58.970001220703125
2016-12-15,59.599998474121094,58.0099983215332,59.310001373291016,58.209999084472656,551300,58.209999084472656
2016-12-16,58.650001525878906,56.959999084472656,58.400001525878906,57.02000045776367,943600,57.02000045776367
2016-12-19,57.7400016784668,56.72999954223633,56.810001373291016,57.58000183105469,378000,57.58000183105469
2016-12-20,59.20000076293945,56.97999954223633,56.97999954223633,59.20000076293945,385500,59.20000076293945
2016-12-21,59.689998626708984,58.56999969482422,59.2400016784668,59.220001220703125,356100,59.220001220703125
2016-12-22,60.849998474121094,58.7400016784668,59.38999938964844,59.06999969482422,679500,59.06999969482422
2016-12-23,59.20000076293945,58.22999954223633,58.88999938964844,58.630001068115234,211400,58.630001068115234
2016-12-27,59.43000030517578,58.68000030517578,58.90999984741211,59.209999084472656,202400,59.209999084472656
2016-12-28,60.02000045776367,58.18000030517578,59.900001525878906,58.36000061035156,272400,58.36000061035156
2016-12-29,58.720001220703125,58.0,58.2599983215332,58.47999954223633,339200,58.47999954223633
2016-12-30,58.849998474121094,58.08000183105469,58.54999923706055,58.45000076293945,208600,58.45000076293945
2017-01-03,59.849998474121094,57.34000015258789,59.220001220703125,57.58000183105469,484900,57.58000183105469
2017-01-04,59.470001220703125,57.58000183105469,57.58000183105469,59.220001220703125,385500,59.220001220703125
2017-01-05,59.560001373291016,57.88999938964844,59.279998779296875,58.29999923706055,470400,58.29999923706055
2017-01-06,59.400001525878906,58.279998779296875,58.52000045776367,58.72999954223633,266200,58.72999954223633
2017-01-09,58.779998779296875,57.650001525878906,58.630001068115234,57.689998626708984,270700,57.689998626708984
2017-01-10,59.130001068115234,57.5,57.9900016784668,59.040000915527344,866000,59.040000915527344
2017-01-11,59.349998474121094,57.93000030517578,59.25,58.33000183105469,342900,58.33000183105469
2017-01-12,58.43000030517578,57.36000061035156,58.36000061035156,58.34000015258789,321500,58.34000015258789
2017-01-13,59.77000045776367,58.369998931884766,58.369998931884766,59.220001220703125,202300,59.220001220703125
2017-01-17,59.66999816894531,58.34000015258789,59.0,58.459999084472656,406000,58.459999084472656
2017-01-18,61.0,58.47999954223633,58.560001373291016,59.56999969482422,727700,59.56999969482422
2017-01-19,60.45000076293945,57.88999938964844,59.709999084472656,59.400001525878906,543800,59.400001525878906
2017-01-20,60.779998779296875,59.59000015258789,59.650001525878906,60.5,382600,60.5
2017-01-23,60.689998626708984,59.630001068115234,60.63999938964844,59.79999923706055,367500,59.79999923706055
2017-01-24,62.060001373291016,59.869998931884766,59.970001220703125,61.72999954223633,488000,61.72999954223633
2017-01-25,62.9900016784668,61.27000045776367,62.65999984741211,62.220001220703125,411500,62.220001220703125
2017-01-26,63.16999816894531,62.2599983215332,62.59000015258789,63.08000183105469,353600,63.08000183105469
2017-01-27,63.099998474121094,61.099998474121094,63.0,62.18000030517578,382500,62.18000030517578
2017-01-30,61.880001068115234,60.400001525878906,61.880001068115234,60.95000076293945,519600,60.95000076293945
2017-01-31,60.81999969482422,60.25,60.459999084472656,60.560001373291016,351000,60.560001373291016
2017-02-01,61.540000915527344,60.77000045776367,60.79999923706055,61.27000045776367,289200,61.27000045776367
2017-02-02,62.11000061035156,61.08000183105469,61.619998931884766,61.2400016784668,465200,61.2400016784668
2017-02-03,62.900001525878906,61.02000045776367,61.36000061035156,62.7400016784668,462100,62.7400016784668
2017-02-06,62.90999984741211,61.84000015258789,62.849998474121094,62.150001525878906,393600,62.150001525878906
2017-02-07,63.9900016784668,61.83000183105469,62.560001373291016,61.88999938964844,780400,61.88999938964844
2017-02-08,62.529998779296875,60.439998626708984,62.220001220703125,61.2400016784668,930300,61.2400016784668
2017-02-09,55.119998931884766,52.119998931884766,54.5,53.31999969482422,5878900,53.31999969482422
2017-02-10,56.75,53.41999816894531,53.41999816894531,54.310001373291016,2089900,54.310001373291016
2017-02-13,54.790000915527344,54.060001373291016,54.77000045776367,54.599998474121094,684800,54.599998474121094
2017-02-14,55.38999938964844,54.380001068115234,54.380001068115234,54.869998931884766,371400,54.869998931884766
2017-02-15,56.209999084472656,54.720001220703125,54.779998779296875,55.81999969482422,482600,55.81999969482422
2017-02-16,56.63999938964844,55.290000915527344,56.040000915527344,55.560001373291016,381700,55.560001373291016
2017-02-17,55.810001373291016,55.11000061035156,55.54999923706055,55.58000183105469,405100,55.58000183105469
2017-02-21,57.189998626708984,55.75,55.75,57.060001373291016,465400,57.060001373291016
2017-02-22,57.90999984741211,57.060001373291016,57.08000183105469,57.7400016784668,446500,57.7400016784668
2017-02-23,57.88999938964844,56.619998931884766,57.88999938964844,57.130001068115234,395500,57.130001068115234
2017-02-24,57.56999969482422,56.0,56.5099983215332,57.560001373291016,390300,57.560001373291016
2017-02-27,58.40999984741211,57.0,57.27000045776367,58.400001525878906,396100,58.400001525878906
2017-02-28,58.27000045776367,56.97999954223633,58.20000076293945,57.08000183105469,540100,57.08000183105469
2017-03-01,58.70000076293945,57.31999969482422,57.52000045776367,58.08000183105469,427500,58.08000183105469
2017-03-02,58.06999969482422,57.04999923706055,57.70000076293945,57.119998931884766,389700,57.119998931884766
2017-03-03,57.540000915527344,56.59000015258789,57.20000076293945,57.31999969482422,430700,57.31999969482422
2017-03-06,56.95000076293945,56.15999984741211,56.790000915527344,56.689998626708984,328300,56.689998626708984
2017-03-07,56.58000183105469,55.81999969482422,56.27000045776367,55.91999816894531,418600,55.91999816894531
2017-03-08,56.93000030517578,55.959999084472656,56.029998779296875,56.619998931884766,302000,56.619998931884766
2017-03-09,56.83000183105469,56.220001220703125,56.83000183105469,56.369998931884766,187600,56.369998931884766
2017-03-10,57.400001525878906,56.119998931884766,56.47999954223633,57.33000183105469,243700,57.33000183105469
2017-03-13,57.400001525878906,56.540000915527344,57.310001373291016,56.61000061035156,342400,56.61000061035156
2017-03-14,57.36000061035156,56.13999938964844,56.220001220703125,56.83000183105469,260100,56.83000183105469
2017-03-15,58.4900016784668,56.88999938964844,57.11000061035156,58.290000915527344,620500,58.290000915527344
2017-03-16,59.2400016784668,58.13999938964844,58.31999969482422,58.66999816894531,641400,58.66999816894531
2017-03-17,59.540000915527344,58.540000915527344,58.70000076293945,59.459999084472656,745200,59.459999084472656
2017-03-20,60.369998931884766,59.16999816894531,59.66999816894531,60.22999954223633,420900,60.22999954223633
2017-03-21,60.810001373291016,59.02000045776367,60.27000045776367,59.150001525878906,661300,59.150001525878906
2017-03-22,60.22999954223633,58.709999084472656,59.150001525878906,60.22999954223633,356200,60.22999954223633
2017-03-23,61.400001525878906,60.0,60.16999816894531,61.310001373291016,357800,61.310001373291016
2017-03-24,62.540000915527344,61.5,61.5,62.4900016784668,625400,62.4900016784668
2017-03-27,63.06999969482422,60.66999816894531,61.9900016784668,62.810001373291016,470600,62.810001373291016
2017-03-28,64.66000366210938,62.65999984741211,62.72999954223633,64.43000030517578,502100,64.43000030517578
2017-03-29,65.12000274658203,63.959999084472656,64.25,64.94000244140625,442500,64.94000244140625
2017-03-30,65.81999969482422,65.0,65.0,65.62999725341797,291200,65.62999725341797
2017-03-31,66.23999786376953,65.05000305175781,65.29000091552734,66.13999938964844,415000,66.13999938964844
2017-04-03,66.38999938964844,65.05999755859375,66.11000061035156,65.44000244140625,398300,65.44000244140625
2017-04-04,66.29000091552734,65.27999877929688,65.27999877929688,65.91000366210938,431200,65.91000366210938
2017-04-05,66.88999938964844,65.55999755859375,66.0,65.69000244140625,360600,65.69000244140625
2017-04-06,66.79000091552734,65.33000183105469,65.5999984741211,66.4800033569336,425100,66.4800033569336
2017-04-07,66.9000015258789,66.0199966430664,66.1500015258789,66.44999694824219,471700,66.44999694824219
2017-04-10,67.0999984741211,65.75,66.48999786376953,66.11000061035156,293100,66.11000061035156
2017-04-11,67.30000305175781,65.5,65.93000030517578,67.25,412700,67.25
2017-04-12,67.25,65.18000030517578,67.23999786376953,65.37000274658203,369700,65.37000274658203
2017-04-13,65.81999969482422,65.0,65.19999694824219,65.12999725341797,380300,65.12999725341797
2017-04-17,66.19999694824219,65.19000244140625,65.61000061035156,66.18000030517578,322900,66.18000030517578
2017-04-18,66.27999877929688,65.5,66.16000366210938,65.8499984741211,393300,65.8499984741211
2017-04-19,67.8499984741211,65.91000366210938,65.95999908447266,67.23999786376953,702300,67.23999786376953
2017-04-20,68.30000305175781,66.9800033569336,67.31999969482422,67.44000244140625,528600,67.44000244140625
2017-04-21,68.38999938964844,66.9000015258789,67.30999755859375,67.61000061035156,481300,67.61000061035156
2017-04-24,69.27999877929688,68.0,68.68000030517578,69.26000213623047,590300,69.26000213623047
2017-04-25,70.33999633789062,68.6500015258789,69.5199966430664,69.13999938964844,980100,69.13999938964844
2017-04-26,82.44000244140625,74.0,74.87999725341797,80.0199966430664,3673500,80.0199966430664
2017-04-27,81.37999725341797,78.11000061035156,80.08000183105469,79.88999938964844,1198800,79.88999938964844
2017-04-28,79.98999786376953,78.9800033569336,79.94999694824219,79.73999786376953,1016300,79.73999786376953
2017-05-01,83.4800033569336,79.61000061035156,79.88999938964844,83.26000213623047,1161100,83.26000213623047
2017-05-02,84.7699966430664,82.94999694824219,84.18000030517578,83.66000366210938,769900,83.66000366210938
2017-05-03,85.12000274658203,83.33000183105469,83.75,85.08999633789062,501800,85.08999633789062
2017-05-04,85.94999694824219,84.31999969482422,85.66000366210938,84.72000122070312,426700,84.72000122070312
2017-05-05,86.44999694824219,84.97000122070312,85.26000213623047,85.9000015258789,587700,85.9000015258789
2017-05-08,87.98999786376953,85.0999984741211,87.98999786376953,85.3499984741211,629500,85.3499984741211
2017-05-09,86.70999908447266,85.1500015258789,85.41999816894531,86.58000183105469,422500,86.58000183105469
2017-05-10,88.7699966430664,86.44999694824219,86.58000183105469,88.69999694824219,617100,88.69999694824219
2017-05-11,89.54000091552734,87.0199966430664,88.7699966430664,89.48999786376953,435000,89.48999786376953
2017-05-12,90.48999786376953,88.95999908447266,89.4000015258789,89.98999786376953,518700,89.98999786376953
2017-05-15,92.94000244140625,90.4000015258789,90.5,92.37000274658203,584400,92.37000274658203
2017-05-16,93.83000183105469,90.3499984741211,93.05000305175781,93.51000213623047,957900,93.51000213623047
2017-05-17,92.86000061035156,90.08000183105469,92.25,90.13999938964844,746600,90.13999938964844
2017-05-18,92.91999816894531,87.13999938964844,89.02999877929688,91.69999694824219,798900,91.69999694824219
2017-05-19,94.23999786376953,92.26000213623047,92.26000213623047,93.22000122070312,612800,93.22000122070312
2017-05-22,96.2300033569336,94.01000213623047,94.47000122070312,96.0199966430664,562700,96.0199966430664
2017-05-23,97.68000030517578,95.2300033569336,96.55999755859375,97.0,593800,97.0
2017-05-24,97.80000305175781,94.12000274658203,97.26000213623047,94.3499984741211,803800,94.3499984741211
2017-05-25,95.48999786376953,93.30000305175781,94.9800033569336,94.7699966430664,759000,94.7699966430664
2017-05-26,97.68000030517578,94.08999633789062,94.69000244140625,97.13999938964844,614500,97.13999938964844
2017-05-30,99.9800033569336,96.06999969482422,96.86000061035156,99.81999969482422,848700,99.81999969482422
2017-05-31,98.91000366210938,92.2699966430664,98.27999877929688,92.72000122070312,1455500,92.72000122070312
2017-06-01,95.22000122070312,92.4000015258789,92.58000183105469,95.16000366210938,945200,95.16000366210938
2017-06-02,97.58000183105469,94.43000030517578,95.29000091552734,97.45999908447266,696200,97.45999908447266
2017-06-05,98.05999755859375,96.2699966430664,97.55000305175781,97.19999694824219,658700,97.19999694824219
2017-06-06,98.87000274658203,96.30999755859375,96.75,96.86000061035156,553700,96.86000061035156
2017-06-07,99.30999755859375,96.08000183105469,96.86000061035156,99.2300033569336,687500,99.2300033569336
2017-06-08,100.4800033569336,97.81999969482422,98.9800033569336,99.93000030517578,633700,99.93000030517578
2017-06-09,100.94999694824219,93.12999725341797,100.41999816894531,95.98999786376953,1135700,95.98999786376953
2017-06-12,98.76000213623047,91.51000213623047,95.98999786376953,98.6500015258789,1133200,98.6500015258789
2017-06-13,101.54000091552734,98.5,99.43000030517578,100.27999877929688,801200,100.27999877929688
2017-06-14,104.61000061035156,100.12999725341797,100.33999633789062,101.98999786376953,1283400,101.98999786376953
2017-06-15,101.05000305175781,97.18000030517578,100.19999694824219,97.97000122070312,1657400,97.97000122070312
2017-06-16,98.86000061035156,95.7699966430664,98.68000030517578,96.2699966430664,1599000,96.2699966430664
2017-06-19,99.2699966430664,96.61000061035156,96.95999908447266,98.77999877929688,883400,98.77999877929688
2017-06-20,99.9800033569336,97.31999969482422,99.0,97.7300033569336,604500,97.7300033569336
2017-06-21,102.31999969482422,97.7699966430664,98.4000015258789,101.08000183105469,780200,101.08000183105469
2017-06-22,101.6500015258789,99.0,100.98999786376953,100.43000030517578,560200,100.43000030517578
2017-06-23,102.69999694824219,100.2699966430664,100.38999938964844,101.19999694824219,696400,101.19999694824219
2017-06-26,102.87000274658203,99.43000030517578,101.94999694824219,100.9800033569336,392100,100.9800033569336
2017-06-27,100.45999908447266,90.08000183105469,100.36000061035156,90.6500015258789,1906600,90.6500015258789
2017-06-28,93.62999725341797,88.43000030517578,91.02999877929688,92.47000122070312,1359000,92.47000122070312
2017-06-29,92.77999877929688,86.33999633789062,92.73999786376953,86.77999877929688,1299900,86.77999877929688
2017-06-30,86.8499984741211,84.08999633789062,86.22000122070312,84.13999938964844,1125500,84.13999938964844
2017-07-03,84.76000213623047,81.05999755859375,83.30000305175781,83.54000091552734,886300,83.54000091552734
2017-07-05,84.30000305175781,81.54000091552734,83.04000091552734,82.18000030517578,1140600,82.18000030517578
2017-07-06,81.41999816894531,79.4000015258789,80.77999877929688,80.54000091552734,1400600,80.54000091552734
2017-07-07,84.5,80.2300033569336,80.30000305175781,83.6500015258789,989000,83.6500015258789
2017-07-10,85.0,82.68000030517578,83.95999908447266,84.47000122070312,776500,84.47000122070312
2017-07-11,85.37999725341797,82.29000091552734,84.30000305175781,83.23999786376953,812600,83.23999786376953
2017-07-12,85.25,83.37000274658203,84.12000274658203,85.0199966430664,814900,85.0199966430664
2017-07-13,85.6500015258789,83.05000305175781,85.6500015258789,84.62000274658203,527500,84.62000274658203
2017-07-14,84.95999908447266,83.58999633789062,84.75,83.98999786376953,424200,83.98999786376953
2017-07-17,85.66000366210938,83.58000183105469,84.02999877929688,84.9000015258789,556900,84.9000015258789
2017-07-18,85.12000274658203,83.91999816894531,84.91999816894531,84.75,554000,84.75
2017-07-19,87.47000122070312,85.01000213623047,85.01000213623047,86.7699966430664,559200,86.7699966430664
2017-07-20,87.69000244140625,84.63999938964844,87.29000091552734,85.0,521200,85.0
2017-07-21,88.91999816894531,85.0199966430664,85.0199966430664,88.47000122070312,919600,88.47000122070312
2017-07-24,92.30999755859375,88.5199966430664,89.48999786376953,90.37999725341797,1738700,90.37999725341797
2017-07-25,90.69999694824219,87.0999984741211,90.69999694824219,87.9000015258789,2374500,87.9000015258789
2017-07-26,109.4000015258789,95.75,101.25,106.48999786376953,7497200,106.48999786376953
2017-07-27,108.91999816894531,102.12000274658203,106.70999908447266,105.23999786376953,2344400,105.23999786376953
2017-07-28,107.8499984741211,103.5199966430664,104.0,107.25,1139000,107.25
2017-07-31,109.77999877929688,104.22000122070312,107.52999877929688,105.51000213623047,1012200,105.51000213623047
2017-08-01,107.25,104.58000183105469,106.05000305175781,106.58000183105469,718800,106.58000183105469
2017-08-02,107.81999969482422,102.2699966430664,107.81999969482422,103.86000061035156,914000,103.86000061035156
2017-08-03,105.45999908447266,101.9800033569336,103.87999725341797,102.26000213623047,534400,102.26000213623047
2017-08-04,103.27999877929688,101.27999877929688,102.37000274658203,102.80999755859375,551500,102.80999755859375
2017-08-07,107.08000183105469,103.0,103.88999938964844,105.16999816894531,905500,105.16999816894531
2017-08-08,106.83999633789062,104.5,106.37999725341797,105.29000091552734,693800,105.29000091552734
2017-08-09,105.33999633789062,103.33000183105469,104.83999633789062,104.61000061035156,461700,104.61000061035156
2017-08-10,104.58999633789062,100.61000061035156,103.8499984741211,100.87999725341797,555300,100.87999725341797
2017-08-11,103.2699966430664,101.01000213623047,101.08000183105469,102.2300033569336,470300,102.2300033569336
2017-08-14,105.36000061035156,102.19999694824219,103.56999969482422,104.8499984741211,630600,104.8499984741211
2017-08-15,105.4000015258789,102.51000213623047,105.4000015258789,103.27999877929688,386500,103.27999877929688
2017-08-16,104.08000183105469,101.2300033569336,104.08000183105469,102.37000274658203,389700,102.37000274658203
2017-08-17,102.63999938964844,98.72000122070312,101.79000091552734,98.81999969482422,510400,98.81999969482422
2017-08-18,99.05000305175781,96.19000244140625,98.62000274658203,97.27999877929688,1069600,97.27999877929688
2017-08-21,97.66999816894531,93.94999694824219,97.13999938964844,94.0999984741211,726300,94.0999984741211
2017-08-22,94.91000366210938,92.48999786376953,94.16000366210938,92.7300033569336,731900,92.7300033569336
2017-08-23,93.25,91.2699966430664,92.36000061035156,92.52999877929688,638400,92.52999877929688
2017-08-24,93.43000030517578,90.16000366210938,92.88999938964844,90.69000244140625,659200,90.69000244140625
2017-08-25,91.87000274658203,90.11000061035156,91.0,90.69999694824219,528400,90.69999694824219
2017-08-28,92.5,90.45999908447266,91.0,91.86000061035156,570300,91.86000061035156
2017-08-29,93.4800033569336,90.9800033569336,90.98999786376953,92.62999725341797,520700,92.62999725341797
2017-08-30,94.31999969482422,92.91000366210938,93.08000183105469,93.91999816894531,335500,93.91999816894531
2017-08-31,95.5,93.05000305175781,94.58999633789062,95.41999816894531,527500,95.41999816894531
2017-09-01,96.98999786376953,95.4000015258789,95.75,96.69999694824219,472700,96.69999694824219
2017-09-05,97.01000213623047,94.88999938964844,96.77999877929688,96.04000091552734,483900,96.04000091552734
2017-09-06,96.83000183105469,93.37999725341797,95.41000366210938,94.87999725341797,557300,94.87999725341797
2017-09-07,96.58000183105469,94.11000061035156,94.69999694824219,96.55000305175781,514300,96.55000305175781
2017-09-08,97.08000183105469,95.05999755859375,96.0,95.16999816894531,458200,95.16999816894531
2017-09-11,97.98999786376953,95.87999725341797,95.87999725341797,96.77999877929688,427200,96.77999877929688
2017-09-12,100.95999908447266,95.88999938964844,95.88999938964844,100.87000274658203,740200,100.87000274658203
2017-09-13,100.5,84.69999694824219,100.25,85.08000183105469,6535000,85.08000183105469
2017-09-14,87.48999786376953,80.12000274658203,86.4800033569336,81.8499984741211,3577700,81.8499984741211
2017-09-15,83.58999633789062,79.19000244140625,82.93000030517578,79.80999755859375,2628800,79.80999755859375
2017-09-18,82.20999908447266,79.0,80.12000274658203,81.19999694824219,1376100,81.19999694824219
2017-09-19,83.4800033569336,81.83000183105469,82.0,82.69000244140625,906900,82.69000244140625
2017-09-20,83.20999908447266,79.12999725341797,82.44999694824219,79.98999786376953,1081700,79.98999786376953
2017-09-21,81.19999694824219,79.1500015258789,80.0199966430664,79.94000244140625,724700,79.94000244140625
2017-09-22,80.48999786376953,74.86000061035156,79.9800033569336,76.13999938964844,1723600,76.13999938964844
2017-09-25,75.29000091552734,72.62999725341797,74.58000183105469,73.76000213623047,1258900,73.76000213623047
2017-09-26,78.06999969482422,73.58999633789062,73.86000061035156,77.0999984741211,1132100,77.0999984741211
2017-09-27,80.08999633789062,77.27999877929688,77.27999877929688,79.45999908447266,875200,79.45999908447266
2017-09-28,81.4000015258789,76.5,79.4000015258789,76.66999816894531,1241000,76.66999816894531
2017-09-29,78.0,76.4800033569336,77.0,77.05999755859375,740300,77.05999755859375
2017-10-02,79.4000015258789,77.0,77.0,79.19999694824219,674000,79.19999694824219
2017-10-03,80.27999877929688,78.5199966430664,79.5,79.61000061035156,524700,79.61000061035156
2017-10-04,80.0999984741211,77.83999633789062,79.83999633789062,78.29000091552734,499300,78.29000091552734
2017-10-05,78.81999969482422,75.16000366210938,78.44000244140625,75.33999633789062,748200,75.33999633789062
2017-10-06,76.33000183105469,75.0,75.0,75.62000274658203,892200,75.62000274658203
2017-10-09,77.68000030517578,75.62000274658203,75.62000274658203,77.22000122070312,651900,77.22000122070312
2017-10-10,77.87999725341797,76.41000366210938,77.0,77.5199966430664,525300,77.5199966430664
2017-10-11,78.0199966430664,75.44999694824219,77.79000091552734,77.06999969482422,699800,77.06999969482422
2017-10-12,79.5999984741211,76.80000305175781,77.16000366210938,78.97000122070312,812600,78.97000122070312
2017-10-13,78.7300033569336,76.13999938964844,78.62000274658203,76.62000274658203,786200,76.62000274658203
2017-10-16,77.94999694824219,75.41999816894531,77.0,75.51000213623047,643600,75.51000213623047
2017-10-17,76.61000061035156,74.26000213623047,75.29000091552734,76.43000030517578,1349300,76.43000030517578
2017-10-18,78.41000366210938,76.16000366210938,77.0199966430664,76.83000183105469,798600,76.83000183105469
2017-10-19,76.55000305175781,74.54000091552734,76.16999816894531,75.9000015258789,609900,75.9000015258789
2017-10-20,77.29000091552734,75.41000366210938,76.52999877929688,76.25,789500,76.25
2017-10-23,77.0,74.05000305175781,77.0,74.83000183105469,1173000,74.83000183105469
2017-10-24,76.3499984741211,73.62999725341797,75.01000213623047,75.26000213623047,2285600,75.26000213623047
2017-10-25,81.93000030517578,64.79000091552734,80.22000122070312,65.11000061035156,8239400,65.11000061035156
2017-10-26,65.83999633789062,63.0,65.72000122070312,63.380001068115234,2541700,63.380001068115234
2017-10-27,67.66000366210938,64.5199966430664,65.0,66.66999816894531,1954400,66.66999816894531
2017-10-30,66.9800033569336,62.959999084472656,66.19000244140625,64.6500015258789,1413700,64.6500015258789
2017-10-31,68.0,64.5,64.6500015258789,67.19000244140625,1418100,67.19000244140625
2017-11-01,67.80999755859375,66.19999694824219,67.05999755859375,66.66999816894531,838000,66.66999816894531
2017-11-02,67.68000030517578,66.20999908447266,66.30999755859375,66.8499984741211,1055200,66.8499984741211
2017-11-03,68.41999816894531,66.4000015258789,67.0999984741211,67.4000015258789,1122700,67.4000015258789
2017-11-06,68.91000366210938,67.44000244140625,67.55000305175781,68.55000305175781,715000,68.55000305175781
2017-11-07,69.0,66.97000122070312,68.5999984741211,67.0,1042400,67.0
2017-11-08,68.81999969482422,66.38999938964844,66.5999984741211,68.44999694824219,682700,68.44999694824219
2017-11-09,68.6500015258789,67.05000305175781,67.63999938964844,67.79000091552734,541300,67.79000091552734
2017-11-10,69.26000213623047,67.73999786376953,67.79000091552734,68.80000305175781,490300,68.80000305175781
2017-11-13,70.20999908447266,67.76000213623047,68.5,70.08999633789062,584200,70.08999633789062
2017-11-14,72.75,68.76000213623047,69.77999877929688,68.79000091552734,1312300,68.79000091552734
2017-11-15,68.79000091552734,66.66000366210938,68.19999694824219,68.26000213623047,590500,68.26000213623047
2017-11-16,71.0999984741211,69.0,69.11000061035156,70.70999908447266,763000,70.70999908447266
2017-11-17,72.16999816894531,70.51000213623047,70.63999938964844,71.44999694824219,837900,71.44999694824219
2017-11-20,72.22000122070312,70.61000061035156,71.61000061035156,72.12000274658203,475600,72.12000274658203
2017-11-21,73.19999694824219,72.18000030517578,72.31999969482422,73.06999969482422,422100,73.06999969482422
2017-11-22,73.27999877929688,66.0,73.23999786376953,68.5,2120700,68.5
2017-11-24,69.36000061035156,67.33999633789062,68.80000305175781,68.37000274658203,367500,68.37000274658203
2017-11-27,70.48999786376953,68.5,68.5,69.5999984741211,776200,69.5999984741211
2017-11-28,69.88999938964844,67.7699966430664,69.48999786376953,68.13999938964844,612200,68.13999938964844
2017-11-29,68.5999984741211,65.20999908447266,67.94000244140625,67.6500015258789,905600,67.6500015258789
2017-11-30,68.95999908447266,65.87000274658203,67.80000305175781,68.62000274658203,717000,68.62000274658203
2017-12-01,68.66999816894531,64.2699966430664,68.63999938964844,65.98999786376953,1226500,65.98999786376953
2017-12-04,66.9000015258789,63.65999984741211,66.9000015258789,64.58000183105469,969100,64.58000183105469
2017-12-05,65.87999725341797,63.0,64.44000244140625,65.2300033569336,1097800,65.2300033569336
2017-12-06,66.44999694824219,64.7699966430664,65.0,65.02999877929688,832900,65.02999877929688
2017-12-07,67.16000366210938,64.6500015258789,64.91999816894531,66.8499984741211,1146500,66.8499984741211
2017-12-08,68.75,66.0,67.58999633789062,66.7699966430664,1037700,66.7699966430664
2017-12-11,66.63999938964844,64.44999694824219,66.62999725341797,66.33999633789062,1167900,66.33999633789062
2017-12-12,70.97000122070312,65.97000122070312,66.22000122070312,70.4000015258789,1506700,70.4000015258789
2017-12-13,74.25,70.23999786376953,70.4800033569336,74.02999877929688,1977000,74.02999877929688
2017-12-14,74.69000244140625,72.0,74.0,73.22000122070312,1339800,73.22000122070312
2017-12-15,74.43000030517578,73.19999694824219,73.25,74.43000030517578,2004800,74.43000030517578
2017-12-18,76.79000091552734,73.45999908447266,75.06999969482422,74.7300033569336,1359200,74.7300033569336
2017-12-19,77.44999694824219,74.87999725341797,75.0,77.13999938964844,963800,77.13999938964844
2017-12-20,77.56999969482422,76.16999816894531,77.13999938964844,77.55999755859375,653600,77.55999755859375
2017-12-21,79.47000122070312,77.29000091552734,77.6500015258789,79.23999786376953,721700,79.23999786376953
2017-12-22,80.0,77.5,79.0,79.5199966430664,610500,79.5199966430664
2017-12-26,80.23999786376953,78.83999633789062,79.23999786376953,80.11000061035156,617900,80.11000061035156
2017-12-27,81.16000366210938,79.94999694824219,80.11000061035156,80.04000091552734,491200,80.04000091552734
2017-12-28,80.38999938964844,78.19000244140625,80.38999938964844,78.97000122070312,515300,78.97000122070312
2017-12-29,79.16000366210938,76.69999694824219,79.16000366210938,76.69999694824219,534900,76.69999694824219
2018-01-02,80.16000366210938,77.68000030517578,77.80999755859375,80.0999984741211,793100,80.0999984741211
2018-01-03,83.2300033569336,80.1500015258789,80.16000366210938,83.04000091552734,788900,83.04000091552734
2018-01-04,83.55000305175781,79.76000213623047,83.12999725341797,80.91999816894531,987700,80.91999816894531
2018-01-05,82.44999694824219,80.45999908447266,81.37000274658203,82.0,647300,82.0
2018-01-08,82.80000305175781,81.5999984741211,82.08999633789062,81.77999877929688,615100,81.77999877929688
2018-01-09,82.12000274658203,80.27999877929688,81.81999969482422,81.16999816894531,777700,81.16999816894531
2018-01-10,81.44999694824219,79.3499984741211,80.87000274658203,81.18000030517578,613100,81.18000030517578
2018-01-11,82.93000030517578,81.05000305175781,81.63999938964844,82.79000091552734,537700,82.79000091552734
2018-01-12,87.25,82.70999908447266,83.0,87.19000244140625,1127000,87.19000244140625
2018-01-16,89.44999694824219,84.4000015258789,87.9000015258789,85.69000244140625,1273000,85.69000244140625
2018-01-17,88.31999969482422,85.62999725341797,86.08000183105469,88.08999633789062,855200,88.08999633789062
2018-01-18,88.04000091552734,86.01000213623047,88.0,86.22000122070312,614100,86.22000122070312
2018-01-19,88.83000183105469,86.86000061035156,86.86000061035156,88.79000091552734,990900,88.79000091552734
2018-01-22,90.0,87.54000091552734,88.5,89.94000244140625,765200,89.94000244140625
2018-01-23,92.05000305175781,89.01000213623047,90.0,91.63999938964844,821800,91.63999938964844
2018-01-24,94.8499984741211,91.5,91.63999938964844,93.51000213623047,1111000,93.51000213623047
2018-01-25,94.0999984741211,92.0,93.51000213623047,92.66000366210938,764600,92.66000366210938
2018-01-26,94.4000015258789,92.18000030517578,93.18000030517578,94.36000061035156,547100,94.36000061035156
2018-01-29,94.4800033569336,93.0,94.4800033569336,93.44999694824219,571000,93.44999694824219
2018-01-30,91.83000183105469,86.30000305175781,91.69999694824219,88.61000061035156,1820500,88.61000061035156
2018-01-31,89.94000244140625,87.5999984741211,88.91999816894531,88.75,629900,88.75
2018-02-01,91.05999755859375,87.55000305175781,88.52999877929688,89.91000366210938,505100,89.91000366210938
2018-02-02,89.68000030517578,86.93000030517578,89.08000183105469,88.62000274658203,753400,88.62000274658203
2018-02-05,89.22000122070312,81.80999755859375,85.91000366210938,81.91999816894531,1390900,81.91999816894531
2018-02-06,87.33000183105469,77.51000213623047,79.62000274658203,87.08999633789062,1386600,87.08999633789062
2018-02-07,89.66000366210938,86.44999694824219,87.05000305175781,88.04000091552734,1638100,88.04000091552734
2018-02-08,71.05999755859375,59.599998474121094,70.4000015258789,59.79999923706055,10212600,59.79999923706055
2018-02-09,63.27000045776367,55.77000045776367,62.290000915527344,57.900001525878906,5706300,57.900001525878906
2018-02-12,62.400001525878906,58.86000061035156,59.70000076293945,61.58000183105469,2333600,61.58000183105469
2018-02-13,64.94999694824219,61.099998474121094,61.22999954223633,64.52999877929688,2229000,64.52999877929688
2018-02-14,65.69999694824219,62.13999938964844,63.9900016784668,64.36000061035156,1528500,64.36000061035156
2018-02-15,66.13999938964844,64.45999908447266,65.06999969482422,65.94999694824219,937200,65.94999694824219
2018-02-16,66.95999908447266,65.72000122070312,65.98999786376953,66.38999938964844,873600,66.38999938964844
2018-02-20,67.44999694824219,64.79000091552734,66.0,65.27999877929688,1052800,65.27999877929688
2018-02-21,67.43000030517578,65.4000015258789,65.51000213623047,65.73999786376953,732600,65.73999786376953
2018-02-22,66.51000213623047,64.62000274658203,66.0,65.02999877929688,894900,65.02999877929688
2018-02-23,68.63999938964844,65.30999755859375,65.41999816894531,68.51000213623047,1101600,68.51000213623047
2018-02-26,69.94000244140625,68.51000213623047,68.7699966430664,69.62000274658203,905200,69.62000274658203
2018-02-27,71.75,68.72000122070312,70.75,68.94000244140625,898400,68.94000244140625
2018-02-28,70.81999969482422,67.75,69.05000305175781,67.94999694824219,777900,67.94999694824219
2018-03-01,68.79000091552734,64.13999938964844,67.91999816894531,65.6500015258789,1246400,65.6500015258789
2018-03-02,67.66000366210938,64.05999755859375,64.94999694824219,67.38999938964844,585200,67.38999938964844
2018-03-05,69.75,67.48999786376953,67.48999786376953,68.52999877929688,693500,68.52999877929688
2018-03-06,70.36000061035156,68.05999755859375,68.93000030517578,68.66999816894531,768700,68.66999816894531
2018-03-07,69.3499984741211,67.55000305175781,67.62999725341797,69.27999877929688,552300,69.27999877929688
2018-03-08,69.62999725341797,66.5999984741211,69.62000274658203,66.93000030517578,779200,66.93000030517578
2018-03-09,68.9000015258789,67.33999633789062,67.76000213623047,68.41000366210938,766700,68.41000366210938
2018-03-12,70.45999908447266,68.30999755859375,68.38999938964844,70.2699966430664,788400,70.2699966430664
2018-03-13,71.93000030517578,68.1500015258789,70.47000122070312,69.12000274658203,762200,69.12000274658203
2018-03-14,70.06999969482422,68.37000274658203,69.73999786376953,69.56999969482422,460300,69.56999969482422
2018-03-15,70.79000091552734,68.41999816894531,69.66999816894531,69.87000274658203,420300,69.87000274658203
2018-03-16,70.26000213623047,68.6500015258789,69.86000061035156,70.12999725341797,983800,70.12999725341797
2018-03-19,69.58000183105469,65.91000366210938,69.45999908447266,66.9000015258789,865700,66.9000015258789
2018-03-20,67.87999725341797,66.19000244140625,67.0199966430664,67.86000061035156,404700,67.86000061035156
2018-03-21,69.4000015258789,67.5999984741211,67.69000244140625,69.20999908447266,416200,69.20999908447266
2018-03-22,69.47000122070312,66.47000122070312,68.31999969482422,66.5,534600,66.5
2018-03-23,68.47000122070312,65.81999969482422,65.97000122070312,66.72000122070312,673400,66.72000122070312
2018-03-26,68.3499984741211,66.41000366210938,68.13999938964844,67.69999694824219,473300,67.69999694824219
2018-03-27,68.16000366210938,65.23999786376953,68.05999755859375,65.5999984741211,478600,65.5999984741211
2018-03-28,65.8499984741211,63.029998779296875,65.58999633789062,63.09000015258789,565300,63.09000015258789
2018-03-29,65.16000366210938,63.2400016784668,63.349998474121094,64.19000244140625,544900,64.19000244140625
2018-04-02,63.97999954223633,62.02000045776367,63.97999954223633,63.599998474121094,505000,63.599998474121094
2018-04-03,65.81999969482422,63.880001068115234,64.30999755859375,65.48999786376953,567100,65.48999786376953
2018-04-04,67.41999816894531,63.25,63.25,66.76000213623047,729700,66.76000213623047
2018-04-05,68.12000274658203,66.08999633789062,67.12999725341797,67.80000305175781,559900,67.80000305175781
2018-04-06,67.94000244140625,65.56999969482422,66.98999786376953,66.41999816894531,459000,66.41999816894531
2018-04-09,67.75,65.55999755859375,66.94000244140625,65.63999938964844,483300,65.63999938964844
2018-04-10,67.61000061035156,65.83999633789062,66.80999755859375,66.97000122070312,507100,66.97000122070312
2018-04-11,67.81999969482422,66.4000015258789,66.43000030517578,66.79000091552734,432400,66.79000091552734
2018-04-12,67.98999786376953,66.66000366210938,67.20999908447266,67.37999725341797,517500,67.37999725341797
2018-04-13,67.98999786376953,65.43000030517578,67.86000061035156,65.75,568700,65.75
2018-04-16,67.58000183105469,65.45999908447266,66.1500015258789,66.95999908447266,654800,66.95999908447266
2018-04-17,67.33999633789062,63.290000915527344,67.25,63.470001220703125,1323800,63.470001220703125
2018-04-18,64.1500015258789,61.0099983215332,63.77000045776367,61.79999923706055,2220900,61.79999923706055
2018-04-19,65.88999938964844,61.400001525878906,65.88999938964844,63.66999816894531,2521700,63.66999816894531
2018-04-20,64.01000213623047,61.5099983215332,63.459999084472656,63.880001068115234,1650700,63.880001068115234
2018-04-23,62.97999954223633,58.40999984741211,62.459999084472656,59.95000076293945,2061800,59.95000076293945
2018-04-24,61.91999816894531,58.84000015258789,60.310001373291016,59.08000183105469,2178300,59.08000183105469
2018-04-25,61.90999984741211,56.900001525878906,61.880001068115234,57.060001373291016,2951800,57.060001373291016
2018-04-26,59.970001220703125,57.0,57.06999969482422,58.2400016784668,1423100,58.2400016784668
2018-04-27,59.459999084472656,57.650001525878906,58.20000076293945,58.58000183105469,1150700,58.58000183105469
2018-04-30,58.84000015258789,58.02000045776367,58.52000045776367,58.36000061035156,616500,58.36000061035156
2018-05-01,58.36000061035156,56.7599983215332,58.029998779296875,57.83000183105469,709300,57.83000183105469
2018-05-02,58.79999923706055,57.2400016784668,57.650001525878906,58.310001373291016,549700,58.310001373291016
2018-05-03,58.41999816894531,56.61000061035156,58.029998779296875,57.18000030517578,654200,57.18000030517578
2018-05-04,60.150001525878906,56.79999923706055,56.880001068115234,60.02000045776367,850600,60.02000045776367
2018-05-07,61.91999816894531,59.75,60.310001373291016,61.7599983215332,824500,61.7599983215332
2018-05-08,62.34000015258789,61.369998931884766,61.880001068115234,62.27000045776367,497600,62.27000045776367
2018-05-09,62.560001373291016,61.52000045776367,62.290000915527344,62.060001373291016,517900,62.060001373291016
2018-05-10,62.77000045776367,61.75,62.31999969482422,61.93000030517578,584900,61.93000030517578
2018-05-11,62.599998474121094,61.4900016784668,61.93000030517578,62.36000061035156,485200,62.36000061035156
2018-05-14,63.150001525878906,62.09000015258789,62.470001220703125,62.29999923706055,509600,62.29999923706055
2018-05-15,61.959999084472656,60.04999923706055,61.86000061035156,61.2599983215332,661000,61.2599983215332
2018-05-16,62.849998474121094,61.5099983215332,61.650001525878906,62.310001373291016,462000,62.310001373291016
2018-05-17,63.380001068115234,62.22999954223633,62.29999923706055,62.880001068115234,693100,62.880001068115234
2018-05-18,62.88999938964844,62.18000030517578,62.88999938964844,62.43000030517578,464000,62.43000030517578
2018-05-21,62.939998626708984,62.11000061035156,62.79999923706055,62.88999938964844,633900,62.88999938964844
2018-05-22,64.54000091552734,63.06999969482422,63.2599983215332,63.15999984741211,621600,63.15999984741211
2018-05-23,63.029998779296875,61.38999938964844,62.86000061035156,61.869998931884766,655800,61.869998931884766
2018-05-24,62.459999084472656,61.5,61.849998474121094,62.38999938964844,434200,62.38999938964844
2018-05-25,62.75,61.93000030517578,62.36000061035156,62.72999954223633,380900,62.72999954223633
2018-05-29,64.87000274658203,62.45000076293945,62.70000076293945,64.83999633789062,740800,64.83999633789062
2018-05-30,65.5999984741211,64.08999633789062,64.94000244140625,65.30000305175781,644800,65.30000305175781
2018-05-31,65.08999633789062,62.369998931884766,65.01000213623047,62.40999984741211,552600,62.40999984741211
2018-06-01,64.3499984741211,62.81999969482422,62.81999969482422,63.72999954223633,619600,63.72999954223633
2018-06-04,65.63999938964844,64.0999984741211,64.0999984741211,65.36000061035156,659500,65.36000061035156
2018-06-05,66.08000183105469,65.0,65.29000091552734,65.91999816894531,510500,65.91999816894531
2018-06-06,69.25,65.94999694824219,66.22000122070312,68.3499984741211,933200,68.3499984741211
2018-06-07,69.29000091552734,67.29000091552734,68.16000366210938,69.04000091552734,626100,69.04000091552734
2018-06-08,69.88999938964844,68.08999633789062,68.73999786376953,69.56999969482422,510100,69.56999969482422
2018-06-11,73.41999816894531,69.41000366210938,69.41000366210938,73.33999633789062,891900,73.33999633789062
2018-06-12,81.4000015258789,73.5199966430664,73.75,79.1500015258789,2748600,79.1500015258789
2018-06-13,80.94000244140625,76.3499984741211,78.68000030517578,77.4000015258789,1292800,77.4000015258789
2018-06-14,80.02999877929688,77.43000030517578,78.0,79.98999786376953,720600,79.98999786376953
2018-06-15,81.69999694824219,78.51000213623047,79.72000122070312,78.91999816894531,1161000,78.91999816894531
2018-06-18,79.27999877929688,77.58000183105469,78.5,79.06999969482422,500600,79.06999969482422
2018-06-19,79.33000183105469,76.05000305175781,78.05999755859375,77.97000122070312,755100,77.97000122070312
2018-06-20,79.0999984741211,77.69999694824219,78.33999633789062,78.37000274658203,466700,78.37000274658203
2018-06-21,78.31999969482422,75.5,78.31999969482422,77.13999938964844,559000,77.13999938964844
2018-06-22,77.76000213623047,75.58999633789062,77.37000274658203,75.91999816894531,656800,75.91999816894531
2018-06-25,76.0,73.51000213623047,75.37999725341797,74.41999816894531,565700,74.41999816894531
2018-06-26,76.3499984741211,74.44000244140625,74.76000213623047,75.4000015258789,354800,75.4000015258789
2018-06-27,77.48999786376953,75.43000030517578,75.7699966430664,76.0199966430664,517300,76.0199966430664
2018-06-28,76.8499984741211,75.30999755859375,76.08999633789062,76.30000305175781,395200,76.30000305175781
2018-06-29,77.97000122070312,75.75,76.73999786376953,75.7699966430664,690400,75.7699966430664
2018-07-02,76.45999908447266,74.02999877929688,75.0999984741211,75.93000030517578,498400,75.93000030517578
2018-07-03,77.54000091552734,75.7300033569336,76.2300033569336,76.29000091552734,259600,76.29000091552734
2018-07-05,81.77999877929688,76.41999816894531,76.93000030517578,81.33000183105469,1747600,81.33000183105469
2018-07-06,83.62000274658203,78.63999938964844,82.0,80.87000274658203,1120700,80.87000274658203
2018-07-09,82.36000061035156,80.26000213623047,80.88999938964844,80.91000366210938,578300,80.91000366210938
2018-07-10,81.20999908447266,75.19999694824219,77.20999908447266,80.95999908447266,1054800,80.95999908447266
2018-07-11,81.75,79.06999969482422,79.76000213623047,79.19999694824219,435100,79.19999694824219
2018-07-12,81.88999938964844,79.58000183105469,79.88999938964844,81.12000274658203,742000,81.12000274658203
2018-07-13,82.0999984741211,79.91999816894531,80.94000244140625,80.3499984741211,406800,80.3499984741211
2018-07-16,81.38999938964844,78.2300033569336,80.20999908447266,79.04000091552734,415500,79.04000091552734
2018-07-17,80.30000305175781,78.16000366210938,79.0,79.83999633789062,674300,79.83999633789062
2018-07-18,79.5,77.88999938964844,79.5,78.68000030517578,501500,78.68000030517578
2018-07-19,79.69999694824219,77.81999969482422,78.7300033569336,77.88999938964844,520900,77.88999938964844
2018-07-20,78.72000122070312,73.88999938964844,77.66000366210938,74.05999755859375,667500,74.05999755859375
2018-07-23,74.52999877929688,71.27999877929688,73.36000061035156,73.25,1201100,73.25
2018-07-24,74.44999694824219,70.86000061035156,74.05000305175781,71.19000244140625,2293700,71.19000244140625
2018-07-25,89.4800033569336,80.54000091552734,82.30000305175781,83.29000091552734,6639100,83.29000091552734
2018-07-26,85.36000061035156,82.12999725341797,83.16999816894531,82.91000366210938,1199200,82.91000366210938
2018-07-27,83.5,79.13999938964844,83.3499984741211,80.16000366210938,1007600,80.16000366210938
2018-07-30,80.83999633789062,76.08999633789062,79.87000274658203,76.97000122070312,639700,76.97000122070312
2018-07-31,80.1500015258789,77.25,77.33999633789062,79.25,703200,79.25
2018-08-01,80.25,78.12999725341797,79.05999755859375,78.9800033569336,506200,78.9800033569336
2018-08-02,82.27999877929688,78.20999908447266,78.79000091552734,82.0199966430664,763400,82.0199966430664
2018-08-03,83.47000122070312,80.81999969482422,81.9000015258789,81.73999786376953,649400,81.73999786376953
2018-08-06,84.36000061035156,81.55000305175781,81.55000305175781,84.18000030517578,649900,84.18000030517578
2018-08-07,86.04000091552734,83.75,84.69000244140625,84.0999984741211,774300,84.0999984741211
2018-08-08,87.02999877929688,84.18000030517578,84.18000030517578,86.5,763400,86.5
2018-08-09,88.48999786376953,86.29000091552734,87.1500015258789,86.83000183105469,579700,86.83000183105469
2018-08-10,86.72000122070312,84.55000305175781,85.95999908447266,86.5,410000,86.5
2018-08-13,87.73999786376953,85.36000061035156,86.19999694824219,86.04000091552734,429100,86.04000091552734
2018-08-14,88.55000305175781,85.72000122070312,86.55000305175781,87.77999877929688,420400,87.77999877929688
2018-08-15,89.37000274658203,85.66000366210938,86.87000274658203,89.27999877929688,543400,89.27999877929688
2018-08-16,90.41999816894531,88.61000061035156,89.51000213623047,89.8499984741211,686200,89.8499984741211
2018-08-17,95.06999969482422,88.43000030517578,89.45999908447266,94.7699966430664,836900,94.7699966430664
2018-08-20,98.06999969482422,93.23999786376953,94.75,97.30000305175781,1301800,97.30000305175781
2018-08-21,103.16999816894531,96.12000274658203,96.7699966430664,101.91000366210938,1339800,101.91000366210938
2018-08-22,106.05000305175781,100.02999877929688,100.94999694824219,105.80999755859375,1240900,105.80999755859375
2018-08-23,107.91999816894531,103.9800033569336,105.51000213623047,105.5999984741211,1133500,105.5999984741211
2018-08-24,108.16000366210938,104.44000244140625,106.23999786376953,108.06999969482422,711200,108.06999969482422
2018-08-27,113.02999877929688,108.22000122070312,108.9000015258789,112.2699966430664,1221200,112.2699966430664
2018-08-28,118.75,112.58000183105469,113.06999969482422,117.70999908447266,1682400,117.70999908447266
2018-08-29,116.68000030517578,111.77999877929688,116.45999908447266,115.93000030517578,1307100,115.93000030517578
2018-08-30,116.8499984741211,112.30000305175781,115.06999969482422,116.30999755859375,834300,116.30999755859375
2018-08-31,115.62999725341797,113.37000274658203,115.62999725341797,113.5,595300,113.5
2018-09-04,114.62000274658203,109.27999877929688,111.0999984741211,114.16000366210938,947900,114.16000366210938
2018-09-05,116.5199966430664,110.45999908447266,113.22000122070312,115.0,1011900,115.0
2018-09-06,115.0,104.05000305175781,115.0,104.56999969482422,1516000,104.56999969482422
2018-09-07,105.54000091552734,99.7300033569336,101.86000061035156,103.38999938964844,1110500,103.38999938964844
2018-09-10,106.2300033569336,101.0,104.62999725341797,105.12999725341797,783500,105.12999725341797
2018-09-11,108.52999877929688,103.18000030517578,104.33000183105469,107.9800033569336,784500,107.9800033569336
2018-09-12,109.88999938964844,107.05000305175781,107.80000305175781,108.19999694824219,608600,108.19999694824219
2018-09-13,109.88999938964844,105.6500015258789,109.05999755859375,106.75,459700,106.75
2018-09-14,109.4000015258789,106.0,106.98999786376953,108.72000122070312,427400,108.72000122070312
2018-09-17,112.9000015258789,106.5999984741211,108.87999725341797,111.13999938964844,1152100,111.13999938964844
2018-09-18,114.55999755859375,110.5999984741211,111.7699966430664,114.26000213623047,776700,114.26000213623047
2018-09-19,114.68000030517578,112.19999694824219,114.68000030517578,113.13999938964844,724700,113.13999938964844
2018-09-20,113.5199966430664,106.0,113.13999938964844,106.29000091552734,1004500,106.29000091552734
2018-09-21,109.19999694824219,103.83000183105469,106.48999786376953,104.11000061035156,1877800,104.11000061035156
2018-09-24,105.4000015258789,102.02999877929688,103.43000030517578,104.12000274658203,713600,104.12000274658203
2018-09-25,108.30999755859375,104.54000091552734,104.55999755859375,107.05999755859375,682100,107.05999755859375
2018-09-26,108.76000213623047,107.05000305175781,107.93000030517578,108.01000213623047,436400,108.01000213623047
2018-09-27,111.66000366210938,107.69000244140625,108.16000366210938,108.72000122070312,406400,108.72000122070312
2018-09-28,110.4800033569336,108.12000274658203,108.33000183105469,109.91999816894531,418600,109.91999816894531
2018-10-01,114.22000122070312,110.54000091552734,111.33000183105469,110.91999816894531,652400,110.91999816894531
2018-10-02,111.54000091552734,104.75,111.04000091552734,106.0999984741211,519100,106.0999984741211
2018-10-03,109.4000015258789,106.16000366210938,106.94999694824219,107.6500015258789,346700,107.6500015258789
2018-10-04,107.47000122070312,102.72000122070312,107.12999725341797,105.13999938964844,557400,105.13999938964844
2018-10-05,108.33000183105469,104.27999877929688,105.47000122070312,106.05999755859375,685500,106.05999755859375
2018-10-08,104.0,95.01000213623047,102.5,97.01000213623047,1579700,97.01000213623047
2018-10-09,97.98999786376953,94.80000305175781,96.12000274658203,94.98999786376953,623000,94.98999786376953
2018-10-10,95.0,87.83000183105469,95.0,88.80999755859375,891200,88.80999755859375
2018-10-11,91.5999984741211,86.77999877929688,87.7699966430664,87.2699966430664,822700,87.2699966430664
2018-10-12,92.12000274658203,88.05000305175781,90.44000244140625,90.61000061035156,761900,90.61000061035156
2018-10-15,92.54000091552734,89.33999633789062,91.04000091552734,90.8499984741211,459300,90.8499984741211
2018-10-16,95.0999984741211,90.45999908447266,91.7300033569336,94.69999694824219,765600,94.69999694824219
2018-10-17,94.51000213623047,91.55999755859375,94.5,93.0999984741211,481100,93.0999984741211
2018-10-18,93.19999694824219,89.31999969482422,92.37999725341797,90.76000213623047,363300,90.76000213623047
2018-10-19,92.9000015258789,88.1500015258789,91.30000305175781,89.11000061035156,1063200,89.11000061035156
2018-10-22,91.25,88.4000015258789,89.5199966430664,90.76000213623047,806000,90.76000213623047
2018-10-23,94.4000015258789,87.75,88.91000366210938,91.81999969482422,2062600,91.81999969482422
2018-10-24,85.83000183105469,77.75,84.0,80.48999786376953,5732700,80.48999786376953
2018-10-25,82.19999694824219,76.5,81.4000015258789,81.73999786376953,1941400,81.73999786376953
2018-10-26,82.98999786376953,76.79000091552734,80.0999984741211,79.77999877929688,918200,79.77999877929688
2018-10-29,82.48999786376953,76.11000061035156,81.56999969482422,77.3499984741211,754300,77.3499984741211
2018-10-30,81.12000274658203,76.56999969482422,77.47000122070312,80.73999786376953,838800,80.73999786376953
2018-10-31,89.05999755859375,83.98999786376953,84.51000213623047,88.16999816894531,1688500,88.16999816894531
2018-11-01,97.83000183105469,87.36000061035156,89.2699966430664,94.79000091552734,1209100,94.79000091552734
2018-11-02,97.5,93.38999938964844,95.0,95.9800033569336,1006500,95.9800033569336
2018-11-05,99.62999725341797,93.75,97.73999786376953,97.66000366210938,936700,97.66000366210938
2018-11-06,99.9800033569336,96.01000213623047,97.25,97.01000213623047,510600,97.01000213623047
2018-11-07,100.26000213623047,97.29000091552734,97.83000183105469,100.13999938964844,608200,100.13999938964844
2018-11-08,101.22000122070312,98.05000305175781,99.69000244140625,99.81999969482422,458400,99.81999969482422
2018-11-09,99.94999694824219,94.0,99.23999786376953,96.01000213623047,644200,96.01000213623047
2018-11-12,95.04000091552734,90.56999969482422,94.87000274658203,91.68000030517578,566500,91.68000030517578
2018-11-13,93.87999725341797,90.0,92.5199966430664,91.31999969482422,592600,91.31999969482422
2018-11-14,92.18000030517578,87.0,91.95999908447266,88.93000030517578,1036300,88.93000030517578
2018-11-15,91.0,86.45999908447266,88.7699966430664,89.9800033569336,615900,89.9800033569336
2018-11-16,93.19999694824219,89.41999816894531,89.81999969482422,92.8499984741211,681600,92.8499984741211
2018-11-19,92.37999725341797,88.19000244140625,92.31999969482422,88.87999725341797,558600,88.87999725341797
2018-11-20,89.94000244140625,84.5,84.88999938964844,88.44000244140625,666000,88.44000244140625
2018-11-21,91.36000061035156,87.87999725341797,89.72000122070312,90.2300033569336,336500,90.2300033569336
2018-11-23,93.16000366210938,89.0,89.37000274658203,91.91000366210938,240400,91.91000366210938
2018-11-26,94.41000366210938,91.4000015258789,93.33000183105469,93.01000213623047,465000,93.01000213623047
2018-11-27,93.4800033569336,87.20999908447266,93.13999938964844,87.33999633789062,614700,87.33999633789062
2018-11-28,92.01000213623047,86.44999694824219,87.62999725341797,91.98999786376953,641800,91.98999786376953
2018-11-29,96.70999908447266,90.5,91.98999786376953,93.9000015258789,707100,93.9000015258789
2018-11-30,96.66999816894531,93.08000183105469,93.51000213623047,95.4000015258789,557700,95.4000015258789
2018-12-03,103.62999725341797,98.5,100.0,100.87000274658203,1175900,100.87000274658203
2018-12-04,102.29000091552734,93.5199966430664,99.86000061035156,94.08999633789062,1172300,94.08999633789062
2018-12-06,92.06999969482422,86.30000305175781,91.37999725341797,91.70999908447266,877200,91.70999908447266
2018-12-07,92.45999908447266,89.87999725341797,91.5,90.83000183105469,594400,90.83000183105469
2018-12-10,91.83000183105469,87.95999908447266,90.52999877929688,91.01000213623047,480500,91.01000213623047
2018-12-11,93.19999694824219,88.43000030517578,92.20999908447266,88.5199966430664,700300,88.5199966430664
2018-12-12,93.37999725341797,88.9000015258789,89.80999755859375,91.44000244140625,615000,91.44000244140625
2018-12-13,92.94999694824219,87.4800033569336,92.0,87.69000244140625,538100,87.69000244140625
2018-12-14,88.22000122070312,84.61000061035156,87.44000244140625,86.37000274658203,595100,86.37000274658203
2018-12-17,87.94000244140625,82.37999725341797,86.0,82.66000366210938,652800,82.66000366210938
2018-12-18,85.68000030517578,81.83000183105469,83.70999908447266,81.91999816894531,576000,81.91999816894531
2018-12-19,83.94000244140625,80.05000305175781,81.91999816894531,81.16999816894531,638200,81.16999816894531
2018-12-20,82.7699966430664,76.88999938964844,80.77999877929688,79.55999755859375,852700,79.55999755859375
2018-12-21,80.98999786376953,74.55000305175781,80.44000244140625,75.44999694824219,913100,75.44999694824219
2018-12-24,79.36000061035156,73.01000213623047,73.62999725341797,75.9800033569336,512300,75.9800033569336
2018-12-26,81.93000030517578,75.81999969482422,77.79000091552734,81.79000091552734,538000,81.79000091552734
2018-12-27,82.62999725341797,78.30000305175781,80.0,82.38999938964844,716500,82.38999938964844
2018-12-28,84.05000305175781,80.0999984741211,82.75,81.31999969482422,486600,81.31999969482422
2018-12-31,83.83999633789062,79.4000015258789,82.2699966430664,83.73999786376953,660800,83.73999786376953
2019-01-02,82.63999938964844,78.2300033569336,82.05999755859375,79.23999786376953,620700,79.23999786376953
2019-01-03,80.61000061035156,77.9800033569336,78.4800033569336,78.27999877929688,593600,78.27999877929688
2019-01-04,84.2699966430664,79.2699966430664,80.16999816894531,83.31999969482422,571200,83.31999969482422
2019-01-07,87.69000244140625,83.69999694824219,83.69999694824219,85.58000183105469,557600,85.58000183105469
2019-01-08,88.69999694824219,85.11000061035156,87.20999908447266,88.30999755859375,444600,88.30999755859375
2019-01-09,90.02999877929688,87.77999877929688,88.56999969482422,87.94999694824219,479800,87.94999694824219
2019-01-10,87.47000122070312,85.68000030517578,86.79000091552734,86.45999908447266,441400,86.45999908447266
2019-01-11,86.77999877929688,85.83000183105469,86.2699966430664,86.44000244140625,439700,86.44000244140625
2019-01-14,86.25,83.37000274658203,85.0999984741211,83.41999816894531,410600,83.41999816894531
2019-01-15,86.3499984741211,83.83000183105469,84.63999938964844,84.93000030517578,340400,84.93000030517578
2019-01-16,86.9800033569336,84.3499984741211,85.0,85.0,582800,85.0
2019-01-17,88.69999694824219,84.30999755859375,84.51000213623047,88.01000213623047,474300,88.01000213623047
2019-01-18,90.83000183105469,88.81999969482422,89.05999755859375,89.55000305175781,843900,89.55000305175781
2019-01-22,89.11000061035156,84.20999908447266,89.11000061035156,84.76000213623047,731900,84.76000213623047
2019-01-23,87.9000015258789,84.5,85.91999816894531,85.16000366210938,562700,85.16000366210938
2019-01-24,87.87000274658203,85.33999633789062,85.51000213623047,85.56999969482422,377500,85.56999969482422
2019-01-25,87.58000183105469,85.5,86.69000244140625,86.0199966430664,442600,86.0199966430664
2019-01-28,86.97000122070312,84.55999755859375,85.48999786376953,86.18000030517578,400400,86.18000030517578
2019-01-29,86.91000366210938,83.29000091552734,86.37999725341797,84.0,620200,84.0
2019-01-30,92.0,86.20999908447266,88.47000122070312,91.0199966430664,1310100,91.0199966430664
2019-01-31,92.47000122070312,89.12000274658203,92.0,89.79000091552734,887600,89.79000091552734
2019-02-01,90.05000305175781,87.55999755859375,89.83999633789062,89.01000213623047,565400,89.01000213623047
2019-02-04,90.66000366210938,87.80000305175781,89.19999694824219,90.66000366210938,681300,90.66000366210938
2019-02-05,92.08999633789062,88.98999786376953,90.7300033569336,89.0999984741211,711300,89.0999984741211
2019-02-06,91.87000274658203,88.41000366210938,89.12000274658203,89.41999816894531,1697400,89.41999816894531
2019-02-07,104.05000305175781,95.19999694824219,101.0,98.04000091552734,3284300,98.04000091552734
2019-02-08,108.19999694824219,96.4000015258789,97.0999984741211,104.16999816894531,2603300,104.16999816894531
2019-02-11,106.77999877929688,104.0999984741211,105.5,106.25,1009800,106.25
2019-02-12,114.80999755859375,106.55999755859375,106.87999725341797,114.5,1434700,114.5
2019-02-13,118.0,113.5999984741211,114.27999877929688,115.08999633789062,1510500,115.08999633789062
2019-02-14,115.87000274658203,111.19999694824219,113.77999877929688,115.27999877929688,913400,115.27999877929688
2019-02-15,119.4000015258789,114.6500015258789,116.1500015258789,119.38999938964844,973400,119.38999938964844
2019-02-19,120.9000015258789,115.22000122070312,117.4000015258789,120.51000213623047,1465700,120.51000213623047
2019-02-20,122.88999938964844,119.51000213623047,119.94999694824219,122.52999877929688,746600,122.52999877929688
2019-02-21,122.8499984741211,117.88999938964844,121.0,119.47000122070312,983000,119.47000122070312
2019-02-22,121.83000183105469,119.66999816894531,119.66999816894531,120.5,465900,120.5
2019-02-25,123.26000213623047,120.1500015258789,121.94000244140625,121.69000244140625,1397200,121.69000244140625
2019-02-26,122.16000366210938,119.76000213623047,121.0,120.86000061035156,415600,120.86000061035156
2019-02-27,124.73999786376953,120.5,120.9000015258789,124.06999969482422,511800,124.06999969482422
2019-02-28,125.52999877929688,121.2300033569336,123.7300033569336,125.05999755859375,642300,125.05999755859375
2019-03-01,129.9600067138672,126.06999969482422,126.94999694824219,129.55999755859375,872800,129.55999755859375
2019-03-04,130.7899932861328,126.54000091552734,130.32000732421875,130.77999877929688,891100,130.77999877929688
2019-03-05,132.8800048828125,128.9199981689453,130.0,129.36000061035156,502400,129.36000061035156
2019-03-06,129.07000732421875,124.55000305175781,128.35000610351562,124.73999786376953,844200,124.73999786376953
2019-03-07,125.7699966430664,121.1500015258789,124.0199966430664,121.69000244140625,930600,121.69000244140625
2019-03-08,122.87999725341797,118.62000274658203,119.63999938964844,122.19999694824219,785300,122.19999694824219
2019-03-11,123.33000183105469,120.70999908447266,122.19999694824219,122.97000122070312,817800,122.97000122070312
2019-03-12,124.93000030517578,120.63999938964844,122.66999816894531,123.9800033569336,510300,123.9800033569336
2019-03-13,126.5199966430664,124.12999725341797,124.19000244140625,125.02999877929688,486500,125.02999877929688
2019-03-14,126.08999633789062,123.77999877929688,124.94999694824219,125.47000122070312,312000,125.47000122070312
2019-03-15,127.37000274658203,124.66999816894531,126.23999786376953,124.70999908447266,1061900,124.70999908447266
2019-03-18,128.0800018310547,124.18000030517578,125.2300033569336,127.83000183105469,444400,127.83000183105469
2019-03-19,127.80999755859375,120.33999633789062,126.88999938964844,121.33000183105469,824000,121.33000183105469
2019-03-20,124.0,120.12000274658203,120.62000274658203,122.76000213623047,536000,122.76000213623047
2019-03-21,126.22000122070312,122.54000091552734,122.54000091552734,125.55000305175781,355700,125.55000305175781
2019-03-22,125.29000091552734,118.87999725341797,124.93000030517578,119.25,567500,119.25
2019-03-25,121.94000244140625,116.4000015258789,118.2300033569336,120.47000122070312,600900,120.47000122070312
2019-03-26,122.44999694824219,120.4800033569336,121.94000244140625,121.2699966430664,354400,121.2699966430664
2019-03-27,123.33000183105469,114.4000015258789,121.80000305175781,115.70999908447266,3054000,115.70999908447266
2019-03-28,117.98999786376953,115.20999908447266,116.41000366210938,116.44999694824219,337800,116.44999694824219
2019-03-29,118.5199966430664,116.25,117.05000305175781,117.69000244140625,537500,117.69000244140625
2019-04-01,119.95999908447266,115.44000244140625,118.30999755859375,118.94000244140625,575100,118.94000244140625
2019-04-02,122.5,118.43000030517578,119.62000274658203,121.4800033569336,395000,121.4800033569336
2019-04-03,123.91999816894531,122.08999633789062,123.01000213623047,122.62999725341797,419700,122.62999725341797
2019-04-04,123.4800033569336,118.6500015258789,122.55000305175781,121.58999633789062,372200,121.58999633789062
2019-04-05,124.88999938964844,122.05999755859375,122.91000366210938,124.36000061035156,635200,124.36000061035156
2019-04-08,124.44999694824219,121.58999633789062,124.23999786376953,123.86000061035156,367300,123.86000061035156
2019-04-09,126.4800033569336,121.7300033569336,123.6500015258789,122.05999755859375,389000,122.05999755859375
2019-04-10,126.4800033569336,121.97000122070312,122.4000015258789,126.0,458800,126.0
2019-04-11,128.97999572753906,126.0,126.4800033569336,127.91000366210938,553600,127.91000366210938
2019-04-12,130.0,127.05999755859375,129.16000366210938,128.0399932861328,410300,128.0399932861328
2019-04-15,130.10000610351562,126.76000213623047,128.00999450683594,127.52999877929688,491000,127.52999877929688
2019-04-16,131.35000610351562,127.66000366210938,128.10000610351562,129.67999267578125,453700,129.67999267578125
2019-04-17,130.89999389648438,127.54000091552734,130.4499969482422,129.16000366210938,440700,129.16000366210938
2019-04-18,130.63999938964844,127.73999786376953,129.47000122070312,128.82000732421875,448500,128.82000732421875
2019-04-22,129.0500030517578,124.5999984741211,129.0,128.72999572753906,845500,128.72999572753906
2019-04-23,132.3000030517578,127.5999984741211,129.4600067138672,130.57000732421875,1831900,130.57000732421875
2019-04-24,109.25,100.25,109.20999908447266,100.41999816894531,8786500,100.41999816894531
2019-04-25,104.0,98.1500015258789,101.5999984741211,98.87000274658203,2718500,98.87000274658203
2019-04-26,100.44999694824219,96.5,99.30000305175781,100.04000091552734,1392200,100.04000091552734
2019-04-29,104.66000366210938,100.72000122070312,101.5999984741211,101.94999694824219,1441200,101.94999694824219
2019-04-30,103.56999969482422,100.58999633789062,102.58000183105469,103.54000091552734,1075000,103.54000091552734
2019-05-01,103.55999755859375,101.2300033569336,103.05999755859375,102.54000091552734,754500,102.54000091552734
2019-05-02,104.55999755859375,100.69000244140625,102.56999969482422,103.86000061035156,703800,103.86000061035156
2019-05-03,105.06999969482422,102.81999969482422,104.4000015258789,104.87999725341797,704100,104.87999725341797
2019-05-06,102.5,99.66000366210938,101.43000030517578,100.45999908447266,1110400,100.45999908447266
2019-05-07,100.91999816894531,96.80000305175781,99.98999786376953,98.7300033569336,1084600,98.7300033569336
2019-05-08,99.5,96.6500015258789,98.62000274658203,96.8499984741211,839400,96.8499984741211
2019-05-09,97.12000274658203,92.30999755859375,96.05000305175781,96.52999877929688,835500,96.52999877929688
2019-05-10,96.88999938964844,93.69999694824219,96.19000244140625,94.80000305175781,838200,94.80000305175781
2019-05-13,92.19999694824219,89.05999755859375,92.19999694824219,91.69999694824219,1166000,91.69999694824219
2019-05-14,93.48999786376953,90.88999938964844,92.5,91.80000305175781,542100,91.80000305175781
2019-05-15,93.30000305175781,90.83999633789062,91.4000015258789,92.69999694824219,465800,92.69999694824219
2019-05-16,94.87999725341797,92.52999877929688,93.33999633789062,93.70999908447266,663000,93.70999908447266
2019-05-17,93.22000122070312,89.2300033569336,92.73999786376953,89.44999694824219,671800,89.44999694824219
2019-05-20,90.7699966430664,87.12000274658203,88.11000061035156,90.12000274658203,575900,90.12000274658203
2019-05-21,92.3499984741211,90.51000213623047,90.51000213623047,91.63999938964844,376200,91.63999938964844
2019-05-22,92.7699966430664,90.87999725341797,90.87999725341797,92.4000015258789,427000,92.4000015258789
2019-05-23,91.87999725341797,87.73999786376953,91.0,88.70999908447266,687400,88.70999908447266
2019-05-24,91.0,88.56999969482422,89.5999984741211,88.69000244140625,314600,88.69000244140625
2019-05-28,91.0,88.76000213623047,89.06999969482422,89.47000122070312,483200,89.47000122070312
2019-05-29,89.7699966430664,87.56999969482422,89.26000213623047,88.27999877929688,765400,88.27999877929688
2019-05-30,89.5199966430664,87.83000183105469,88.20999908447266,88.76000213623047,333600,88.76000213623047
2019-05-31,87.95999908447266,86.30000305175781,87.4800033569336,87.11000061035156,522400,87.11000061035156
2019-06-03,87.8499984741211,86.0,86.75,86.83999633789062,355200,86.83999633789062
2019-06-04,90.12000274658203,87.5199966430664,87.80999755859375,89.87000274658203,439500,89.87000274658203
2019-06-05,91.20999908447266,86.79000091552734,90.94999694824219,88.80999755859375,383600,88.80999755859375
2019-06-06,90.05000305175781,87.56999969482422,88.8499984741211,89.66000366210938,361700,89.66000366210938
2019-06-07,92.4000015258789,89.69999694824219,90.0,91.62000274658203,601300,91.62000274658203
2019-06-10,92.70999908447266,89.51000213623047,91.97000122070312,90.12000274658203,538200,90.12000274658203
2019-06-11,91.19999694824219,88.5,90.56999969482422,89.69999694824219,321000,89.69999694824219
2019-06-12,90.30999755859375,87.7300033569336,89.7699966430664,89.37000274658203,383300,89.37000274658203
2019-06-13,92.87999725341797,89.36000061035156,89.36000061035156,90.05999755859375,640900,90.05999755859375
2019-06-14,90.0,88.18000030517578,90.0,88.5,348300,88.5
2019-06-17,90.58999633789062,88.25,88.80999755859375,89.4000015258789,422400,89.4000015258789
2019-06-18,92.88999938964844,90.2300033569336,90.44999694824219,91.70999908447266,616400,91.70999908447266
2019-06-19,93.36000061035156,91.36000061035156,91.77999877929688,93.0,299600,93.0
2019-06-20,96.58000183105469,91.13999938964844,94.25,92.13999938964844,538600,92.13999938964844
2019-06-21,92.87999725341797,90.01000213623047,91.81999969482422,92.22000122070312,1122900,92.22000122070312
2019-06-24,92.66000366210938,90.55999755859375,92.06999969482422,90.9000015258789,406800,90.9000015258789
2019-06-25,91.5199966430664,89.68000030517578,91.5199966430664,90.58000183105469,446700,90.58000183105469
2019-06-26,91.2300033569336,89.5199966430664,91.12999725341797,90.20999908447266,356300,90.20999908447266
2019-06-27,91.41999816894531,89.79000091552734,90.45999908447266,90.5199966430664,355600,90.5199966430664
2019-06-28,92.55000305175781,90.54000091552734,91.16000366210938,91.63999938964844,629000,91.63999938964844
2019-07-01,96.0999984741211,90.9000015258789,93.94999694824219,91.33000183105469,587200,91.33000183105469
2019-07-02,91.20999908447266,87.91999816894531,90.88999938964844,89.4800033569336,671500,89.4800033569336
2019-07-03,91.75,88.5199966430664,89.76000213623047,91.29000091552734,344100,91.29000091552734
2019-07-05,94.30000305175781,89.80000305175781,92.12000274658203,90.30999755859375,656000,90.30999755859375
2019-07-08,90.16000366210938,87.51000213623047,90.16000366210938,89.0199966430664,671000,89.0199966430664
2019-07-09,90.45999908447266,88.05999755859375,88.94999694824219,89.56999969482422,560000,89.56999969482422
2019-07-10,91.33000183105469,89.4000015258789,90.0,90.7300033569336,669000,90.7300033569336
2019-07-11,91.83000183105469,89.8499984741211,91.12000274658203,90.29000091552734,336500,90.29000091552734
2019-07-12,91.3499984741211,89.41999816894531,90.5,90.81999969482422,518000,90.81999969482422
2019-07-15,92.4800033569336,90.68000030517578,91.3499984741211,91.26000213623047,430100,91.26000213623047
2019-07-16,92.23999786376953,90.41999816894531,91.26000213623047,91.44000244140625,412300,91.44000244140625
2019-07-17,94.0,91.66000366210938,92.20999908447266,93.58000183105469,683000,93.58000183105469
2019-07-18,93.4800033569336,90.83999633789062,93.4000015258789,91.62999725341797,628600,91.62999725341797
2019-07-19,92.77999877929688,89.81999969482422,92.5,90.44000244140625,713100,90.44000244140625
2019-07-22,93.33000183105469,90.97000122070312,90.97000122070312,92.37999725341797,855600,92.37999725341797
2019-07-23,93.7300033569336,87.88999938964844,93.55000305175781,89.62999725341797,2373300,89.62999725341797
2019-07-24,75.48999786376953,69.25,72.69999694824219,74.51000213623047,9720200,74.51000213623047
2019-07-25,75.93000030517578,72.25,75.0999984741211,73.2699966430664,2041500,73.2699966430664
2019-07-26,75.31999969482422,72.43000030517578,73.5,74.51000213623047,1011900,74.51000213623047
2019-07-29,74.93000030517578,72.0199966430664,74.68000030517578,74.58000183105469,792000,74.58000183105469
2019-07-30,74.83000183105469,72.7699966430664,74.13999938964844,74.48999786376953,864800,74.48999786376953
2019-07-31,75.55000305175781,72.29000091552734,74.5,73.0999984741211,839400,73.0999984741211
2019-08-01,73.33000183105469,70.4000015258789,73.0999984741211,71.37999725341797,1444900,71.37999725341797
2019-08-02,71.2300033569336,68.91000366210938,71.2300033569336,69.8499984741211,820600,69.8499984741211
2019-08-05,68.43000030517578,66.30999755859375,68.43000030517578,67.91000366210938,1217300,67.91000366210938
2019-08-06,69.41000366210938,68.0999984741211,68.63999938964844,68.41000366210938,685100,68.41000366210938
2019-08-07,69.69000244140625,66.81999969482422,67.94000244140625,69.20999908447266,607600,69.20999908447266
2019-08-08,70.47000122070312,68.27999877929688,69.66000366210938,69.19000244140625,589000,69.19000244140625
2019-08-09,69.37999725341797,67.30999755859375,69.33000183105469,67.68000030517578,770900,67.68000030517578
2019-08-12,67.18000030517578,64.5199966430664,66.97000122070312,65.5199966430664,1058200,65.5199966430664
2019-08-13,68.80999755859375,65.25,65.25,66.22000122070312,860600,66.22000122070312
2019-08-14,65.5199966430664,62.970001220703125,65.5199966430664,64.62999725341797,1005700,64.62999725341797
2019-08-15,64.88999938964844,62.900001525878906,64.88999938964844,63.75,624600,63.75
2019-08-16,65.37000274658203,63.79999923706055,63.869998931884766,65.22000122070312,525100,65.22000122070312
2019-08-19,67.48999786376953,65.61000061035156,66.20999908447266,66.81999969482422,788100,66.81999969482422
2019-08-20,68.16000366210938,66.73999786376953,66.8499984741211,67.31999969482422,1685200,67.31999969482422
2019-08-21,69.01000213623047,65.98999786376953,67.80000305175781,66.37999725341797,755800,66.37999725341797
2019-08-22,67.33000183105469,65.0999984741211,66.23999786376953,65.47000122070312,638600,65.47000122070312
2019-08-23,65.25,62.2599983215332,65.25,63.209999084472656,1122100,63.209999084472656
2019-08-26,64.05000305175781,60.93000030517578,63.709999084472656,61.65999984741211,886200,61.65999984741211
2019-08-27,62.43000030517578,60.689998626708984,62.0,60.779998779296875,413600,60.779998779296875
2019-08-28,61.68000030517578,59.91999816894531,60.560001373291016,61.41999816894531,1056500,61.41999816894531
2019-08-29,63.91999816894531,61.52000045776367,63.400001525878906,62.11000061035156,750300,62.11000061035156
2019-08-30,63.7599983215332,61.529998779296875,63.02000045776367,61.810001373291016,567700,61.810001373291016
2019-09-03,61.2400016784668,58.900001525878906,61.18000030517578,60.400001525878906,1342300,60.400001525878906
2019-09-04,61.77000045776367,59.84000015258789,61.029998779296875,60.22999954223633,667200,60.22999954223633
2019-09-05,63.81999969482422,61.099998474121094,61.150001525878906,62.95000076293945,1118900,62.95000076293945
2019-09-06,63.560001373291016,61.869998931884766,63.43000030517578,62.13999938964844,387300,62.13999938964844
2019-09-09,63.43000030517578,61.59000015258789,62.5,63.29999923706055,1022700,63.29999923706055
2019-09-10,64.2699966430664,62.13999938964844,63.68000030517578,63.869998931884766,677300,63.869998931884766
2019-09-11,66.58000183105469,63.27000045776367,63.91999816894531,65.9000015258789,940200,65.9000015258789
2019-09-12,66.88999938964844,64.6500015258789,66.55999755859375,65.66000366210938,929900,65.66000366210938
2019-09-13,66.08999633789062,63.029998779296875,65.58999633789062,63.75,833700,63.75
2019-09-16,64.33000183105469,62.81999969482422,63.540000915527344,63.58000183105469,731900,63.58000183105469
2019-09-17,63.7599983215332,62.34000015258789,63.59000015258789,63.41999816894531,642100,63.41999816894531
2019-09-18,63.77000045776367,61.91999816894531,63.16999816894531,62.45000076293945,635900,62.45000076293945
2019-09-19,63.119998931884766,61.029998779296875,62.59000015258789,61.380001068115234,970100,61.380001068115234
2019-09-20,61.470001220703125,60.06999969482422,61.209999084472656,60.06999969482422,1703300,60.06999969482422
2019-09-23,61.65999984741211,59.630001068115234,60.0,61.290000915527344,697000,61.290000915527344
2019-09-24,61.369998931884766,57.33000183105469,61.18000030517578,58.099998474121094,2225900,58.099998474121094
2019-09-25,59.22999954223633,57.619998931884766,58.290000915527344,59.0,1557400,59.0
2019-09-26,59.810001373291016,58.0,59.150001525878906,59.709999084472656,1237000,59.709999084472656
2019-09-27,62.47999954223633,60.0099983215332,60.33000183105469,60.31999969482422,936400,60.31999969482422
2019-09-30,61.810001373291016,59.650001525878906,60.54999923706055,61.66999816894531,576300,61.66999816894531
2019-10-01,62.38999938964844,59.59000015258789,61.77000045776367,59.880001068115234,601200,59.880001068115234
2019-10-02,59.2599983215332,57.18000030517578,59.13999938964844,58.22999954223633,828000,58.22999954223633
2019-10-03,59.33000183105469,57.25,57.97999954223633,59.27000045776367,657300,59.27000045776367
2019-10-04,59.970001220703125,58.439998626708984,59.27000045776367,59.70000076293945,541100,59.70000076293945
2019-10-07,59.900001525878906,58.7599983215332,59.709999084472656,58.779998779296875,502600,58.779998779296875
2019-10-08,58.77000045776367,57.33000183105469,58.5,57.41999816894531,1170200,57.41999816894531
2019-10-09,55.75,51.11000061035156,54.0,55.52000045776367,5303300,55.52000045776367
2019-10-10,56.81999969482422,54.7400016784668,55.68000030517578,55.25,1149000,55.25
2019-10-11,57.61000061035156,55.56999969482422,55.90999984741211,56.83000183105469,1784100,56.83000183105469
2019-10-14,57.459999084472656,54.959999084472656,56.75,55.77000045776367,1042700,55.77000045776367
2019-10-15,58.43000030517578,55.810001373291016,56.18000030517578,57.77000045776367,794200,57.77000045776367
2019-10-16,60.33000183105469,57.13999938964844,57.72999954223633,57.29999923706055,1130700,57.29999923706055
2019-10-17,59.11000061035156,57.279998779296875,57.52000045776367,57.959999084472656,716500,57.959999084472656
2019-10-18,58.0,56.70000076293945,57.540000915527344,57.689998626708984,665000,57.689998626708984
2019-10-21,58.95000076293945,55.4900016784668,58.4900016784668,55.7400016784668,1465800,55.7400016784668
2019-10-22,56.279998779296875,53.810001373291016,55.70000076293945,54.029998779296875,3010300,54.029998779296875
2019-10-23,49.470001220703125,44.0,44.13999938964844,49.060001373291016,12264700,49.060001373291016
2019-10-24,48.790000915527344,46.599998474121094,48.41999816894531,47.599998474121094,2553500,47.599998474121094
2019-10-25,50.900001525878906,46.810001373291016,47.540000915527344,49.77000045776367,2321500,49.77000045776367
2019-10-28,52.11000061035156,49.34000015258789,51.04999923706055,49.349998474121094,2135000,49.349998474121094
2019-10-29,49.91999816894531,48.4900016784668,49.91999816894531,49.099998474121094,1008800,49.099998474121094
2019-10-30,49.45000076293945,47.75,49.31999969482422,48.959999084472656,1335700,48.959999084472656
2019-10-31,48.86000061035156,47.439998626708984,48.86000061035156,48.060001373291016,1002100,48.060001373291016
2019-11-01,49.47999954223633,47.88999938964844,48.2599983215332,48.150001525878906,918600,48.150001525878906
2019-11-04,49.7400016784668,48.470001220703125,49.22999954223633,49.52000045776367,990100,49.52000045776367
2019-11-05,52.2400016784668,49.560001373291016,50.189998626708984,50.58000183105469,1982200,50.58000183105469
2019-11-06,51.439998626708984,48.0,51.150001525878906,49.459999084472656,1626500,49.459999084472656
2019-11-07,50.95000076293945,49.130001068115234,50.619998931884766,49.25,1283100,49.25
2019-11-08,49.849998474121094,48.72999954223633,49.099998474121094,49.31999969482422,924400,49.31999969482422
2019-11-11,50.0,48.54999923706055,49.2599983215332,49.2400016784668,780200,49.2400016784668
2019-11-12,49.529998779296875,47.34000015258789,49.130001068115234,47.68000030517578,1384800,47.68000030517578
2019-11-13,48.439998626708984,44.709999084472656,47.810001373291016,44.90999984741211,2059600,44.90999984741211
2019-11-14,46.0,44.5099983215332,45.15999984741211,44.93000030517578,1372900,44.93000030517578
2019-11-15,45.81999969482422,45.0,45.2599983215332,45.130001068115234,934800,45.130001068115234
2019-11-18,47.04999923706055,44.88999938964844,45.33000183105469,46.68000030517578,1218500,46.68000030517578
2019-11-19,47.20000076293945,45.43000030517578,46.720001220703125,46.40999984741211,775700,46.40999984741211
2019-11-20,46.88999938964844,44.790000915527344,46.560001373291016,45.099998474121094,997600,45.099998474121094
2019-11-21,46.439998626708984,44.81999969482422,45.29999923706055,46.02000045776367,713100,46.02000045776367
2019-11-22,46.77000045776367,45.369998931884766,46.150001525878906,46.5099983215332,683000,46.5099983215332
2019-11-25,47.880001068115234,46.060001373291016,46.38999938964844,47.540000915527344,957900,47.540000915527344
2019-11-26,47.869998931884766,45.66999816894531,47.56999969482422,45.70000076293945,1200800,45.70000076293945
2019-11-27,45.47999954223633,43.08000183105469,45.0,44.27000045776367,2982300,44.27000045776367
2019-11-29,44.060001373291016,43.0,43.470001220703125,43.560001373291016,727300,43.560001373291016
2019-12-02,43.900001525878906,42.40999984741211,43.900001525878906,43.83000183105469,1854800,43.83000183105469
2019-12-03,44.439998626708984,42.45000076293945,43.0099983215332,44.029998779296875,1212000,44.029998779296875
2019-12-04,44.959999084472656,43.779998779296875,44.45000076293945,44.25,1183800,44.25
2019-12-05,45.040000915527344,43.939998626708984,44.720001220703125,44.310001373291016,531400,44.310001373291016
2019-12-06,45.40999984741211,44.22999954223633,44.29999923706055,45.34000015258789,765300,45.34000015258789
2019-12-09,46.08000183105469,44.86000061035156,45.220001220703125,46.0099983215332,836100,46.0099983215332
2019-12-10,47.029998779296875,45.540000915527344,46.20000076293945,45.709999084472656,1069600,45.709999084472656
2019-12-11,46.65999984741211,45.56999969482422,45.959999084472656,46.2400016784668,622500,46.2400016784668
2019-12-12,49.540000915527344,46.369998931884766,46.61000061035156,49.20000076293945,2037100,49.20000076293945
2019-12-13,49.9900016784668,46.529998779296875,49.2599983215332,46.83000183105469,2029700,46.83000183105469
2019-12-16,49.36000061035156,47.20000076293945,47.25,48.9900016784668,1072900,48.9900016784668
2019-12-17,49.38999938964844,47.720001220703125,49.060001373291016,49.31999969482422,875500,49.31999969482422
2019-12-18,50.7599983215332,49.220001220703125,49.25,50.56999969482422,1067900,50.56999969482422
2019-12-19,50.880001068115234,49.59000015258789,50.41999816894531,50.790000915527344,990800,50.790000915527344
2019-12-20,51.119998931884766,49.880001068115234,50.810001373291016,50.380001068115234,1755600,50.380001068115234
2019-12-23,51.779998779296875,50.27000045776367,50.61000061035156,51.380001068115234,822700,51.380001068115234
2019-12-24,51.63999938964844,50.77000045776367,51.52000045776367,50.939998626708984,320700,50.939998626708984
2019-12-26,52.63999938964844,51.220001220703125,51.84000015258789,52.560001373291016,847500,52.560001373291016
2019-12-27,52.95000076293945,51.84000015258789,52.95000076293945,52.20000076293945,718300,52.20000076293945
2019-12-30,52.20000076293945,50.38999938964844,52.119998931884766,50.709999084472656,948800,50.709999084472656
2019-12-31,52.0,50.34000015258789,50.45000076293945,50.630001068115234,955300,50.630001068115234
2020-01-02,51.29999923706055,48.31999969482422,51.29999923706055,48.630001068115234,1405400,48.630001068115234
2020-01-03,49.220001220703125,47.61000061035156,48.150001525878906,48.95000076293945,1397400,48.95000076293945
2020-01-06,48.459999084472656,46.689998626708984,48.459999084472656,48.150001525878906,1152600,48.150001525878906
2020-01-07,49.150001525878906,47.86000061035156,48.29999923706055,48.2400016784668,521700,48.2400016784668
2020-01-08,48.790000915527344,47.130001068115234,48.33000183105469,48.5,813100,48.5
2020-01-09,50.810001373291016,48.189998626708984,48.619998931884766,50.599998474121094,1382700,50.599998474121094
2020-01-10,51.16999816894531,48.43000030517578,51.0,48.97999954223633,1143100,48.97999954223633
2020-01-13,52.25,48.880001068115234,49.22999954223633,52.189998626708984,1114100,52.189998626708984
2020-01-14,53.939998626708984,51.650001525878906,52.38999938964844,52.18000030517578,1361000,52.18000030517578
2020-01-15,55.11000061035156,52.130001068115234,52.20000076293945,53.400001525878906,1423200,53.400001525878906
2020-01-16,57.900001525878906,54.189998626708984,56.43000030517578,55.880001068115234,2882100,55.880001068115234
2020-01-17,56.790000915527344,54.58000183105469,56.25,54.81999969482422,1345800,54.81999969482422
2020-01-21,55.630001068115234,53.849998474121094,54.81999969482422,55.22999954223633,1065000,55.22999954223633
2020-01-22,56.099998474121094,53.81999969482422,55.43000030517578,53.97999954223633,1249600,53.97999954223633
2020-01-23,55.560001373291016,52.75,54.0,55.2599983215332,877000,55.2599983215332
2020-01-24,55.650001525878906,53.84000015258789,55.36000061035156,54.779998779296875,1087000,54.779998779296875
2020-01-27,54.70000076293945,51.25,52.279998779296875,53.779998779296875,1324400,53.779998779296875
2020-01-28,54.75,53.13999938964844,54.02000045776367,54.13999938964844,1184300,54.13999938964844
2020-01-29,55.0,51.11000061035156,54.84000015258789,51.150001525878906,1369600,51.150001525878906
2020-01-30,52.189998626708984,50.16999816894531,51.2599983215332,50.36000061035156,1230500,50.36000061035156
2020-01-31,50.43000030517578,47.02000045776367,50.36000061035156,47.04999923706055,1263100,47.04999923706055
2020-02-03,48.08000183105469,46.88999938964844,47.720001220703125,46.90999984741211,1022200,46.90999984741211
2020-02-04,49.470001220703125,47.75,47.75,48.119998931884766,834600,48.119998931884766
2020-02-05,49.79999923706055,48.06999969482422,49.09000015258789,49.11000061035156,2926800,49.11000061035156
2020-02-06,58.75,51.33000183105469,51.38999938964844,57.81999969482422,7560700,57.81999969482422
2020-02-07,58.84000015258789,54.45000076293945,57.439998626708984,54.7599983215332,2916000,54.7599983215332
2020-02-10,55.2400016784668,51.65999984741211,54.59000015258789,51.790000915527344,1788000,51.790000915527344
2020-02-11,53.689998626708984,52.060001373291016,52.060001373291016,52.47999954223633,1106700,52.47999954223633
2020-02-12,54.09000015258789,52.54999923706055,52.97999954223633,53.11000061035156,792900,53.11000061035156
2020-02-13,53.41999816894531,51.79999923706055,52.83000183105469,52.47999954223633,833000,52.47999954223633
2020-02-14,54.5,52.52000045776367,52.83000183105469,54.400001525878906,1203500,54.400001525878906
2020-02-18,54.349998474121094,50.560001373291016,54.150001525878906,51.5099983215332,2088000,51.5099983215332
2020-02-19,53.459999084472656,51.290000915527344,52.16999816894531,51.310001373291016,1136900,51.310001373291016
2020-02-20,52.20000076293945,50.2400016784668,51.470001220703125,52.060001373291016,1067200,52.060001373291016
2020-02-21,52.279998779296875,50.849998474121094,51.68000030517578,52.13999938964844,964700,52.13999938964844
2020-02-24,50.099998474121094,48.290000915527344,49.290000915527344,48.290000915527344,1087700,48.290000915527344
2020-02-25,49.290000915527344,46.040000915527344,48.779998779296875,46.88999938964844,1258000,46.88999938964844
2020-02-26,48.560001373291016,46.540000915527344,46.9900016784668,47.0099983215332,996600,47.0099983215332
2020-02-27,48.45000076293945,44.709999084472656,45.689998626708984,46.70000076293945,1216700,46.70000076293945
2020-02-28,48.459999084472656,44.5099983215332,44.75,47.9900016784668,1785100,47.9900016784668
2020-03-02,48.060001373291016,45.5,47.939998626708984,47.349998474121094,1411300,47.349998474121094
2020-03-03,49.43000030517578,46.630001068115234,47.2400016784668,49.150001525878906,1611800,49.150001525878906
2020-03-04,50.0,47.790000915527344,49.689998626708984,49.779998779296875,883000,49.779998779296875
2020-03-05,49.5,47.43000030517578,48.540000915527344,48.040000915527344,671600,48.040000915527344
2020-03-06,47.529998779296875,45.470001220703125,46.43000030517578,46.77000045776367,831000,46.77000045776367
2020-03-09,43.650001525878906,39.79999923706055,43.380001068115234,39.810001373291016,1680200,39.810001373291016
2020-03-10,42.209999084472656,36.11000061035156,42.150001525878906,40.41999816894531,1705000,40.41999816894531
2020-03-11,42.099998474121094,39.150001525878906,39.150001525878906,40.189998626708984,2015700,40.189998626708984
2020-03-12,40.290000915527344,35.369998931884766,36.2400016784668,36.91999816894531,1566500,36.91999816894531
2020-03-13,41.0,37.619998931884766,38.810001373291016,40.97999954223633,1706700,40.97999954223633
2020-03-16,40.58000183105469,35.470001220703125,36.939998626708984,35.880001068115234,2242800,35.880001068115234
2020-03-17,37.93000030517578,34.56999969482422,36.4900016784668,37.0,1788700,37.0
2020-03-18,37.099998474121094,32.81999969482422,34.86000061035156,33.90999984741211,1694700,33.90999984741211
2020-03-19,39.619998931884766,32.790000915527344,33.310001373291016,38.349998474121094,1530000,38.349998474121094
2020-03-20,42.54999923706055,36.9900016784668,38.59000015258789,38.66999816894531,2044400,38.66999816894531
2020-03-23,42.209999084472656,37.560001373291016,38.93000030517578,40.7599983215332,1820800,40.7599983215332
2020-03-24,45.70000076293945,41.9900016784668,42.7599983215332,45.060001373291016,1135200,45.060001373291016
2020-03-25,46.81999969482422,42.939998626708984,44.880001068115234,45.15999984741211,1068400,45.15999984741211
2020-03-26,46.400001525878906,43.08000183105469,45.349998474121094,44.310001373291016,646200,44.310001373291016
2020-03-27,44.16999816894531,40.400001525878906,42.29999923706055,43.34000015258789,583400,43.34000015258789
2020-03-30,43.349998474121094,40.29999923706055,43.09000015258789,41.13999938964844,797000,41.13999938964844
2020-03-31,43.310001373291016,40.400001525878906,41.11000061035156,40.900001525878906,782700,40.900001525878906
2020-04-01,40.36000061035156,37.0099983215332,39.56999969482422,39.38999938964844,938800,39.38999938964844
2020-04-02,40.529998779296875,38.58000183105469,39.29999923706055,39.81999969482422,721500,39.81999969482422
2020-04-03,40.66999816894531,37.400001525878906,39.849998474121094,38.02000045776367,1203400,38.02000045776367
2020-04-06,43.369998931884766,39.02000045776367,39.689998626708984,42.349998474121094,1041900,42.349998474121094
2020-04-07,46.83000183105469,42.709999084472656,43.77000045776367,43.380001068115234,1070800,43.380001068115234
2020-04-08,47.65999984741211,43.61000061035156,43.84000015258789,47.150001525878906,802400,47.150001525878906
2020-04-09,49.70000076293945,47.04999923706055,48.040000915527344,48.0,981500,48.0
2020-04-13,47.83000183105469,46.0099983215332,47.61000061035156,46.650001525878906,466300,46.650001525878906
2020-04-14,48.68000030517578,46.34000015258789,47.349998474121094,48.41999816894531,585500,48.41999816894531
2020-04-15,48.08000183105469,45.75,46.95000076293945,47.849998474121094,509700,47.849998474121094
2020-04-16,50.0,47.20000076293945,48.0,49.93000030517578,945900,49.93000030517578
2020-04-17,50.9900016784668,48.95000076293945,50.650001525878906,50.040000915527344,1007700,50.040000915527344
2020-04-20,51.599998474121094,48.5099983215332,48.5099983215332,50.54999923706055,740700,50.54999923706055
2020-04-21,51.54999923706055,49.150001525878906,49.45000076293945,50.900001525878906,670400,50.900001525878906
2020-04-22,50.4900016784668,48.0,50.0,50.119998931884766,1280200,50.119998931884766
2020-04-23,52.68000030517578,50.11000061035156,50.290000915527344,51.18000030517578,743900,51.18000030517578
2020-04-24,55.290000915527344,52.650001525878906,52.93000030517578,55.11000061035156,1717100,55.11000061035156
2020-04-27,57.16999816894531,55.0,55.59000015258789,57.099998474121094,1873700,57.099998474121094
2020-04-28,61.47999954223633,56.75,57.310001373291016,61.130001068115234,2426200,61.130001068115234
2020-04-29,60.65999984741211,52.720001220703125,56.650001525878906,60.290000915527344,3468800,60.290000915527344
2020-04-30,62.130001068115234,57.91999816894531,58.0,60.959999084472656,1325400,60.959999084472656
2020-05-01,60.400001525878906,58.31999969482422,59.349998474121094,59.400001525878906,814600,59.400001525878906
2020-05-04,59.4900016784668,57.75,58.29999923706055,59.2400016784668,440600,59.2400016784668
2020-05-05,60.4900016784668,58.68000030517578,59.599998474121094,59.0,639900,59.0
2020-05-06,62.599998474121094,59.349998474121094,59.43000030517578,61.93000030517578,793400,61.93000030517578
2020-05-07,63.16999816894531,60.75,63.0,61.90999984741211,641900,61.90999984741211
2020-05-08,64.95999908447266,62.15999984741211,62.2599983215332,64.6500015258789,575400,64.6500015258789
2020-05-11,65.54000091552734,63.68000030517578,64.20999908447266,64.7300033569336,704500,64.7300033569336
2020-05-12,65.62000274658203,63.029998779296875,64.80999755859375,63.029998779296875,1019700,63.029998779296875
2020-05-13,63.54999923706055,61.060001373291016,62.77000045776367,63.040000915527344,652800,63.040000915527344
2020-05-14,63.459999084472656,61.040000915527344,61.68000030517578,63.40999984741211,478100,63.40999984741211
2020-05-15,63.63999938964844,62.119998931884766,62.97999954223633,62.91999816894531,571800,62.91999816894531
2020-05-18,69.62000274658203,65.1500015258789,65.47000122070312,68.6500015258789,1229600,68.6500015258789
2020-05-19,70.44000244140625,67.70999908447266,68.9800033569336,69.20999908447266,630200,69.20999908447266
2020-05-20,70.56999969482422,69.5199966430664,69.75,70.16999816894531,715600,70.16999816894531
2020-05-21,73.72000122070312,70.0,70.41000366210938,72.54000091552734,836900,72.54000091552734
2020-05-22,73.5199966430664,71.08999633789062,71.58000183105469,73.0999984741211,894500,73.0999984741211
2020-05-26,77.80999755859375,74.75,75.0,77.27999877929688,1115700,77.27999877929688
2020-05-27,78.41999816894531,72.87000274658203,77.12999725341797,73.48999786376953,1332800,73.48999786376953
2020-05-28,75.70999908447266,72.01000213623047,73.47000122070312,72.11000061035156,674700,72.11000061035156
2020-05-29,74.4000015258789,71.37999725341797,72.12000274658203,73.72000122070312,489800,73.72000122070312
2020-06-01,76.9000015258789,73.66999816894531,73.76000213623047,74.94999694824219,907200,74.94999694824219
2020-06-02,76.61000061035156,74.20999908447266,75.16999816894531,76.04000091552734,450100,76.04000091552734
2020-06-03,81.51000213623047,76.55000305175781,76.72000122070312,81.08999633789062,910100,81.08999633789062
2020-06-04,81.69999694824219,80.06999969482422,80.23999786376953,80.68000030517578,629900,80.68000030517578
2020-06-05,83.58000183105469,79.08000183105469,82.75,82.0,1383600,82.0
2020-06-08,82.55000305175781,80.19000244140625,81.83000183105469,80.37000274658203,658400,80.37000274658203
2020-06-09,81.58999633789062,78.36000061035156,79.62999725341797,80.75,566100,80.75
2020-06-10,81.9000015258789,79.41000366210938,80.51000213623047,80.02999877929688,697700,80.02999877929688
2020-06-11,78.54000091552734,73.80999755859375,77.4000015258789,74.58999633789062,942500,74.58999633789062
2020-06-12,77.66000366210938,73.63999938964844,76.79000091552734,75.19999694824219,537100,75.19999694824219
2020-06-15,87.19999694824219,78.5,80.94999694824219,82.38999938964844,4836800,82.38999938964844
2020-06-16,83.7300033569336,78.22000122070312,83.06999969482422,81.7300033569336,1235600,81.7300033569336
2020-06-17,86.19999694824219,82.01000213623047,82.3499984741211,84.2699966430664,969000,84.2699966430664
2020-06-18,84.12000274658203,81.55999755859375,84.12000274658203,82.26000213623047,676000,82.26000213623047
2020-06-19,84.05999755859375,80.45999908447266,83.75,81.4000015258789,1358500,81.4000015258789
2020-06-22,84.9000015258789,81.0,82.04000091552734,83.05000305175781,664300,83.05000305175781
2020-06-23,85.19999694824219,83.55000305175781,84.05000305175781,83.73999786376953,461000,83.73999786376953
2020-06-24,84.26000213623047,79.68000030517578,83.38999938964844,79.81999969482422,752300,79.81999969482422
2020-06-25,82.58999633789062,79.25,79.87000274658203,82.1500015258789,565000,82.1500015258789
2020-06-26,82.7699966430664,79.37999725341797,79.37999725341797,82.2300033569336,717700,82.2300033569336
2020-06-29,84.7300033569336,81.0999984741211,82.5999984741211,83.80999755859375,689000,83.80999755859375
2020-06-30,85.47000122070312,83.45999908447266,83.54000091552734,83.9000015258789,719500,83.9000015258789
2020-07-01,85.20999908447266,82.16999816894531,84.0,84.7699966430664,535300,84.7699966430664
2020-07-02,87.33999633789062,85.38999938964844,86.0,85.58000183105469,441200,85.58000183105469
2020-07-06,87.62999725341797,84.73999786376953,86.87999725341797,86.16000366210938,652900,86.16000366210938
2020-07-07,89.26000213623047,85.19999694824219,85.55000305175781,85.9000015258789,665500,85.9000015258789
2020-07-08,88.16000366210938,85.51000213623047,86.81999969482422,87.9800033569336,600000,87.9800033569336
2020-07-09,87.97000122070312,85.23999786376953,87.38999938964844,86.1500015258789,586100,86.1500015258789
2020-07-10,86.91000366210938,83.12000274658203,86.36000061035156,83.51000213623047,635600,83.51000213623047
2020-07-13,85.56999969482422,81.66000366210938,84.13999938964844,81.77999877929688,675600,81.77999877929688
2020-07-14,84.31999969482422,79.87999725341797,80.19000244140625,84.27999877929688,615900,84.27999877929688
2020-07-15,86.22000122070312,83.0,85.0,85.37999725341797,514400,85.37999725341797
2020-07-16,85.80999755859375,83.87999725341797,84.05000305175781,84.72000122070312,474300,84.72000122070312
2020-07-17,86.3499984741211,84.0,85.0199966430664,84.4000015258789,434800,84.4000015258789
2020-07-20,87.1500015258789,83.04000091552734,83.54000091552734,86.06999969482422,788800,86.06999969482422
2020-07-21,86.86000061035156,83.87999725341797,86.86000061035156,85.7699966430664,1270400,85.7699966430664
2020-07-22,82.69999694824219,78.66000366210938,82.66000366210938,79.3499984741211,2386500,79.3499984741211
2020-07-23,79.41999816894531,73.61000061035156,78.87000274658203,74.05999755859375,1721600,74.05999755859375
2020-07-24,74.19999694824219,71.11000061035156,73.37000274658203,71.55000305175781,1159800,71.55000305175781
2020-07-27,74.4000015258789,71.56999969482422,72.5,72.2300033569336,729500,72.2300033569336
2020-07-28,72.69000244140625,70.76000213623047,72.66000366210938,71.3499984741211,554600,71.3499984741211
2020-07-29,73.08000183105469,71.29000091552734,71.29000091552734,72.29000091552734,509000,72.29000091552734
2020-07-30,73.80000305175781,71.12999725341797,71.52999877929688,73.5999984741211,500600,73.5999984741211
2020-07-31,74.08999633789062,71.76000213623047,73.98999786376953,72.69000244140625,437500,72.69000244140625
2020-08-03,73.83999633789062,72.37000274658203,73.12999725341797,73.30999755859375,437700,73.30999755859375
2020-08-04,74.30999755859375,72.18000030517578,73.29000091552734,74.16999816894531,534100,74.16999816894531
2020-08-05,75.93000030517578,73.56999969482422,74.47000122070312,75.08000183105469,438600,75.08000183105469
2020-08-06,75.5,72.66000366210938,75.19000244140625,72.80999755859375,441900,72.80999755859375
2020-08-07,78.6500015258789,71.19999694824219,74.94999694824219,71.5999984741211,1469800,71.5999984741211
2020-08-10,72.37999725341797,69.19999694824219,71.62000274658203,70.38999938964844,966500,70.38999938964844
2020-08-11,72.66000366210938,70.22000122070312,71.0,70.23999786376953,735700,70.23999786376953
2020-08-12,71.12999725341797,69.76000213623047,70.43000030517578,70.66000366210938,482200,70.66000366210938
2020-08-13,72.37999725341797,70.37999725341797,71.27999877929688,71.93000030517578,365100,71.93000030517578
2020-08-14,72.8499984741211,70.44999694824219,72.04000091552734,71.38999938964844,409100,71.38999938964844
2020-08-17,74.18000030517578,71.0199966430664,71.77999877929688,73.61000061035156,465300,73.61000061035156
2020-08-18,74.44000244140625,71.9000015258789,74.44000244140625,72.77999877929688,323000,72.77999877929688
2020-08-19,74.5,72.61000061035156,72.61000061035156,73.0199966430664,375700,73.0199966430664
2020-08-20,74.61000061035156,72.2300033569336,72.31999969482422,74.38999938964844,409400,74.38999938964844
2020-08-21,76.01000213623047,73.36000061035156,73.94000244140625,76.0,666400,76.0
2020-08-24,77.95999908447266,74.16000366210938,76.6500015258789,74.51000213623047,488200,74.51000213623047
2020-08-25,74.80999755859375,73.16999816894531,74.41999816894531,74.58000183105469,260900,74.58000183105469
2020-08-26,77.45999908447266,74.66000366210938,74.66000366210938,76.45999908447266,468400,76.45999908447266
2020-08-27,76.98999786376953,74.18000030517578,76.68000030517578,74.68000030517578,309800,74.68000030517578
2020-08-28,75.47000122070312,73.62000274658203,74.77999877929688,74.26000213623047,342700,74.26000213623047
2020-08-31,74.79000091552734,73.3499984741211,74.04000091552734,74.02999877929688,362600,74.02999877929688
2020-09-01,77.4000015258789,73.9000015258789,74.02999877929688,77.08000183105469,462700,77.08000183105469
2020-09-02,78.91999816894531,76.51000213623047,77.94000244140625,78.33999633789062,566800,78.33999633789062
2020-09-03,77.62999725341797,71.05000305175781,77.62000274658203,72.20999908447266,982400,72.20999908447266
2020-09-04,73.2300033569336,67.55000305175781,72.2699966430664,71.41000366210938,593300,71.41000366210938
2020-09-08,73.08000183105469,68.13999938964844,68.83000183105469,71.55999755859375,498500,71.55999755859375
2020-09-09,74.62000274658203,71.83999633789062,72.0199966430664,74.26000213623047,588600,74.26000213623047
2020-09-10,79.70999908447266,74.04000091552734,74.04000091552734,77.63999938964844,1304300,77.63999938964844
2020-09-11,80.62999725341797,76.33999633789062,78.58000183105469,77.0199966430664,902200,77.0199966430664
2020-09-14,79.80999755859375,77.05999755859375,77.8499984741211,79.80999755859375,394500,79.80999755859375
2020-09-15,84.30999755859375,80.0,80.20999908447266,83.48999786376953,1084200,83.48999786376953
2020-09-16,86.86000061035156,81.37999725341797,83.9800033569336,81.80999755859375,1165600,81.80999755859375
2020-09-17,80.55000305175781,76.23999786376953,80.16000366210938,77.8499984741211,600100,77.8499984741211
2020-09-18,79.95999908447266,76.4800033569336,78.5,78.2300033569336,786600,78.2300033569336
2020-09-21,77.62000274658203,75.55000305175781,76.76000213623047,76.05999755859375,638500,76.05999755859375
2020-09-22,77.91000366210938,75.19999694824219,76.13999938964844,76.75,390000,76.75
2020-09-23,77.18000030517578,75.05000305175781,77.01000213623047,75.22000122070312,410200,75.22000122070312
2020-09-24,76.4800033569336,73.0,74.44999694824219,75.93000030517578,420900,75.93000030517578
2020-09-25,76.76000213623047,75.30000305175781,76.0199966430664,76.5999984741211,272200,76.5999984741211
2020-09-28,78.94999694824219,77.06999969482422,77.87999725341797,77.19999694824219,344200,77.19999694824219
2020-09-29,78.19999694824219,76.68000030517578,77.26000213623047,77.63999938964844,236700,77.63999938964844
2020-09-30,78.83999633789062,75.66000366210938,77.75,75.9000015258789,508900,75.9000015258789
2020-10-01,79.48999786376953,75.4000015258789,76.75,79.30999755859375,766200,79.30999755859375
2020-10-02,79.95999908447266,76.75,77.2699966430664,78.88999938964844,504900,78.88999938964844
2020-10-05,81.04000091552734,79.0,79.51000213623047,80.98999786376953,417000,80.98999786376953
2020-10-06,83.45999908447266,80.55000305175781,81.19000244140625,80.83000183105469,477800,80.83000183105469
2020-10-07,83.79000091552734,81.19999694824219,81.19999694824219,83.08000183105469,445000,83.08000183105469
2020-10-08,86.97000122070312,83.48999786376953,84.01000213623047,86.5,494900,86.5
2020-10-09,91.2300033569336,86.77999877929688,86.91999816894531,89.83000183105469,821800,89.83000183105469
2020-10-12,91.4000015258789,85.55000305175781,91.0,88.66999816894531,713600,88.66999816894531
2020-10-13,90.79000091552734,88.4000015258789,88.62000274658203,90.2699966430664,449600,90.2699966430664
2020-10-14,91.4000015258789,89.69000244140625,90.22000122070312,90.98999786376953,384800,90.98999786376953
2020-10-15,92.0,87.5,88.12000274658203,90.25,502700,90.25
2020-10-16,92.30999755859375,89.20999908447266,90.44000244140625,89.27999877929688,535000,89.27999877929688
2020-10-19,94.81999969482422,89.95999908447266,89.97000122070312,91.37999725341797,841100,91.37999725341797
2020-10-20,98.55000305175781,91.75,91.75,96.0,2689200,96.0
2020-10-21,92.47000122070312,79.5,92.12000274658203,83.4800033569336,8409000,83.4800033569336
2020-10-22,86.41999816894531,80.93000030517578,84.5,82.29000091552734,2315500,82.29000091552734
2020-10-23,85.66000366210938,82.12999725341797,83.0,84.0,1203600,84.0
2020-10-26,85.91999816894531,80.54000091552734,83.05999755859375,81.94999694824219,847200,81.94999694824219
2020-10-27,85.83000183105469,82.19999694824219,82.63999938964844,85.18000030517578,791100,85.18000030517578
2020-10-28,84.47000122070312,81.18000030517578,82.5,81.70999908447266,643800,81.70999908447266
2020-10-29,82.6500015258789,81.2699966430664,82.27999877929688,81.33000183105469,537700,81.33000183105469
2020-10-30,82.12999725341797,78.3499984741211,81.44999694824219,79.58000183105469,760500,79.58000183105469
2020-11-02,82.5999984741211,79.75,80.5999984741211,80.98999786376953,530800,80.98999786376953
2020-11-03,82.8499984741211,80.5199966430664,81.9000015258789,82.0999984741211,670900,82.0999984741211
2020-11-04,84.38999938964844,80.73999786376953,83.04000091552734,80.93000030517578,724900,80.93000030517578
2020-11-05,85.12999725341797,81.04000091552734,81.75,83.91999816894531,635500,83.91999816894531
2020-11-06,86.54000091552734,83.26000213623047,83.72000122070312,85.19999694824219,601300,85.19999694824219
2020-11-09,82.68000030517578,72.5,81.0,72.58999633789062,2650500,72.58999633789062
2020-11-10,74.56999969482422,71.0999984741211,74.56999969482422,71.37999725341797,1279400,71.37999725341797
2020-11-11,77.05999755859375,72.0,72.61000061035156,76.38999938964844,1187100,76.38999938964844
2020-11-12,77.04000091552734,75.01000213623047,76.66000366210938,75.61000061035156,588400,75.61000061035156
2020-11-13,77.13999938964844,74.5999984741211,76.3499984741211,76.52999877929688,533000,76.52999877929688
2020-11-16,77.88999938964844,75.7300033569336,76.44999694824219,77.0199966430664,721300,77.0199966430664
2020-11-17,78.5,75.76000213623047,77.23999786376953,77.87000274658203,705200,77.87000274658203
2020-11-18,78.48999786376953,75.43000030517578,77.9800033569336,75.5199966430664,648500,75.5199966430664
2020-11-19,78.68000030517578,75.87999725341797,76.12999725341797,77.93000030517578,552100,77.93000030517578
2020-11-20,78.97000122070312,77.27999877929688,78.13999938964844,78.37999725341797,485600,78.37999725341797
2020-11-23,80.88999938964844,78.2699966430664,78.75,79.83999633789062,485300,79.83999633789062
2020-11-24,80.7699966430664,76.66000366210938,80.69999694824219,77.66999816894531,597600,77.66999816894531
2020-11-25,79.91000366210938,77.55999755859375,77.94999694824219,78.31999969482422,584100,78.31999969482422
2020-11-27,79.44999694824219,76.9000015258789,78.9800033569336,79.12999725341797,295800,79.12999725341797
2020-11-30,79.66999816894531,76.62000274658203,79.19000244140625,78.43000030517578,921000,78.43000030517578
2020-12-01,79.33000183105469,76.62000274658203,79.30999755859375,77.37000274658203,502600,77.37000274658203
2020-12-02,78.27999877929688,75.61000061035156,76.98999786376953,77.66999816894531,401700,77.66999816894531
2020-12-03,78.98999786376953,77.02999877929688,77.70999908447266,78.1500015258789,291900,78.1500015258789
2020-12-04,79.5,77.0,78.36000061035156,77.08999633789062,468500,77.08999633789062
2020-12-07,77.55000305175781,75.55999755859375,77.0,76.54000091552734,564000,76.54000091552734
2020-12-08,78.33999633789062,75.5999984741211,76.25,78.0999984741211,704200,78.0999984741211
2020-12-09,79.66999816894531,75.70999908447266,78.48999786376953,76.70999908447266,353200,76.70999908447266
2020-12-10,77.18000030517578,75.06999969482422,76.26000213623047,76.51000213623047,268600,76.51000213623047
2020-12-11,77.30000305175781,74.01000213623047,76.5,74.31999969482422,448000,74.31999969482422
2020-12-14,78.16000366210938,74.66999816894531,75.36000061035156,76.16000366210938,540400,76.16000366210938
2020-12-15,78.33000183105469,76.12000274658203,77.01000213623047,78.2300033569336,361900,78.2300033569336
2020-12-16,81.91999816894531,77.76000213623047,78.66000366210938,79.54000091552734,721600,79.54000091552734
2020-12-17,81.72000122070312,79.51000213623047,80.0,80.83000183105469,409300,80.83000183105469
2020-12-18,83.4000015258789,80.69000244140625,81.18000030517578,83.05000305175781,1351300,83.05000305175781
2020-12-21,84.2300033569336,81.04000091552734,81.5,82.9800033569336,651200,82.9800033569336
2020-12-22,87.70999908447266,83.16000366210938,83.5,87.56999969482422,734300,87.56999969482422
2020-12-23,88.44999694824219,86.05000305175781,88.08999633789062,86.61000061035156,495400,86.61000061035156
2020-12-24,88.19999694824219,85.62000274658203,86.73999786376953,85.8499984741211,241500,85.8499984741211
2020-12-28,87.41999816894531,85.5999984741211,86.75,87.08000183105469,310900,87.08000183105469
2020-12-29,87.58999633789062,82.11000061035156,87.5199966430664,83.63999938964844,561600,83.63999938964844
2020-12-30,85.18000030517578,83.16999816894531,84.0,83.45999908447266,232600,83.45999908447266
2020-12-31,83.45999908447266,80.12999725341797,83.45999908447266,80.29000091552734,460900,80.29000091552734
2021-01-04,82.7699966430664,78.8499984741211,80.47000122070312,79.37999725341797,689000,79.37999725341797
2021-01-05,81.5199966430664,79.2300033569336,79.63999938964844,81.16000366210938,473100,81.16000366210938
2021-01-06,80.9800033569336,78.54000091552734,80.19999694824219,79.44999694824219,587300,79.44999694824219
2021-01-07,86.51000213623047,79.52999877929688,80.08999633789062,84.97000122070312,726000,84.97000122070312
2021-01-08,86.19999694824219,83.2300033569336,85.31999969482422,83.91999816894531,532900,83.91999816894531
2021-01-11,87.41000366210938,82.27999877929688,83.6500015258789,87.05999755859375,496500,87.05999755859375
2021-01-12,87.94000244140625,85.62999725341797,87.41999816894531,85.94999694824219,656600,85.94999694824219
2021-01-13,88.69999694824219,84.0199966430664,86.3499984741211,87.29000091552734,487400,87.29000091552734
2021-01-14,89.2300033569336,86.68000030517578,87.7300033569336,88.12000274658203,561800,88.12000274658203
2021-01-15,93.80000305175781,87.2300033569336,87.75,89.20999908447266,1203500,89.20999908447266
2021-01-19,93.2300033569336,86.52999877929688,89.87000274658203,91.56999969482422,970100,91.56999969482422
2021-01-20,94.55000305175781,91.19999694824219,91.86000061035156,94.18000030517578,754800,94.18000030517578
2021-01-21,99.80000305175781,93.80000305175781,94.55000305175781,96.55000305175781,1069300,96.55000305175781
2021-01-22,99.06999969482422,94.27999877929688,95.5199966430664,98.94000244140625,679000,98.94000244140625
2021-01-25,154.75,99.54000091552734,100.05000305175781,115.80999755859375,10042400,115.80999755859375
2021-01-26,126.69999694824219,111.44999694824219,115.62999725341797,126.4000015258789,2799000,126.4000015258789
2021-01-27,197.39999389648438,128.55999755859375,129.0,161.16000366210938,7410700,161.16000366210938
2021-01-28,150.9600067138672,115.08000183105469,136.58999633789062,122.0,3992600,122.0
2021-01-29,129.8000030517578,119.45999908447266,128.4600067138672,120.0999984741211,2011400,120.0999984741211
2021-02-01,126.61000061035156,114.0,120.0,122.38999938964844,1278800,122.38999938964844
2021-02-02,119.36000061035156,103.63999938964844,116.01000213623047,113.47000122070312,1551400,113.47000122070312
2021-02-03,116.61000061035156,110.5999984741211,112.08000183105469,116.5199966430664,787100,116.5199966430664
2021-02-04,118.80999755859375,114.13999938964844,118.80999755859375,116.02999877929688,655300,116.02999877929688
2021-02-05,123.44999694824219,115.37999725341797,117.5,118.97000122070312,743800,118.97000122070312
