"","HI"
"per",NA
"pbr",NA
"roe","-2.38"
"revenue_growth","36.00"
