"","PK"
"per",NA
"pbr",NA
"roe","-14.95"
"revenue_growth","-95.20"
