"","date","UNF"
"1","2007-01-03",42.75
"2","2007-01-04",43.220001
"3","2007-01-05",42.759998
"4","2007-01-08",42.630001
"5","2007-01-09",42.450001
"6","2007-01-10",40.970001
"7","2007-01-11",42.27
"8","2007-01-12",42.209999
"9","2007-01-16",41.619999
"10","2007-01-17",41.970001
"11","2007-01-18",40.369999
"12","2007-01-19",40.09
"13","2007-01-22",39.740002
"14","2007-01-23",39.82
"15","2007-01-24",40.709999
"16","2007-01-25",40.389999
"17","2007-01-26",41.049999
"18","2007-01-29",41.18
"19","2007-01-30",41.970001
"20","2007-01-31",41.529999
"21","2007-02-01",43.849998
"22","2007-02-02",44
"23","2007-02-05",43.93
"24","2007-02-06",43.98
"25","2007-02-07",43.900002
"26","2007-02-08",43.950001
"27","2007-02-09",43.880001
"28","2007-02-12",43.880001
"29","2007-02-13",43.959999
"30","2007-02-14",44.59
"31","2007-02-15",44.060001
"32","2007-02-16",44.48
"33","2007-02-20",44.189999
"34","2007-02-21",44.200001
"35","2007-02-22",44.029999
"36","2007-02-23",43.599998
"37","2007-02-26",43.290001
"38","2007-02-27",41.509998
"39","2007-02-28",41.560001
"40","2007-03-01",41.259998
"41","2007-03-02",40.450001
"42","2007-03-05",39.349998
"43","2007-03-06",40.34
"44","2007-03-07",39.740002
"45","2007-03-08",40.619999
"46","2007-03-09",40.790001
"47","2007-03-12",40.790001
"48","2007-03-13",40.110001
"49","2007-03-14",39.869999
"50","2007-03-15",39.18
"51","2007-03-16",39.150002
"52","2007-03-19",39.900002
"53","2007-03-20",40.25
"54","2007-03-21",39.23
"55","2007-03-22",39.200001
"56","2007-03-23",40.060001
"57","2007-03-26",40.369999
"58","2007-03-27",39.529999
"59","2007-03-28",39.27
"60","2007-03-29",39.5
"61","2007-03-30",38.369999
"62","2007-04-02",39.830002
"63","2007-04-03",40.779999
"64","2007-04-04",41.16
"65","2007-04-05",41
"66","2007-04-09",41.459999
"67","2007-04-10",42.139999
"68","2007-04-11",42.130001
"69","2007-04-12",43.049999
"70","2007-04-13",42.900002
"71","2007-04-16",43
"72","2007-04-17",43.080002
"73","2007-04-18",42.450001
"74","2007-04-19",42.599998
"75","2007-04-20",43.049999
"76","2007-04-23",43.189999
"77","2007-04-24",43.349998
"78","2007-04-25",44.59
"79","2007-04-26",44.25
"80","2007-04-27",43.77
"81","2007-04-30",42.080002
"82","2007-05-01",43.529999
"83","2007-05-02",43.330002
"84","2007-05-03",43.02
"85","2007-05-04",42.740002
"86","2007-05-07",42.889999
"87","2007-05-08",42.18
"88","2007-05-09",43.060001
"89","2007-05-10",41.560001
"90","2007-05-11",42.07
"91","2007-05-14",40.720001
"92","2007-05-15",39.77
"93","2007-05-16",40.59
"94","2007-05-17",40.119999
"95","2007-05-18",40.169998
"96","2007-05-21",40.299999
"97","2007-05-22",41.200001
"98","2007-05-23",41.400002
"99","2007-05-24",41.18
"100","2007-05-25",41.580002
"101","2007-05-29",42.119999
"102","2007-05-30",42.080002
"103","2007-05-31",41.759998
"104","2007-06-01",43.110001
"105","2007-06-04",43.040001
"106","2007-06-05",41.66
"107","2007-06-06",41.610001
"108","2007-06-07",41.299999
"109","2007-06-08",42.139999
"110","2007-06-11",41.330002
"111","2007-06-12",40.5
"112","2007-06-13",41.450001
"113","2007-06-14",41.200001
"114","2007-06-15",42.299999
"115","2007-06-18",43.040001
"116","2007-06-19",43.810001
"117","2007-06-20",43.299999
"118","2007-06-21",42.93
"119","2007-06-22",40.84
"120","2007-06-25",40.880001
"121","2007-06-26",40.5
"122","2007-06-27",46.25
"123","2007-06-28",45.02
"124","2007-06-29",44.049999
"125","2007-07-02",45.689999
"126","2007-07-03",44.810001
"127","2007-07-05",46.73
"128","2007-07-06",47.049999
"129","2007-07-09",46.720001
"130","2007-07-10",46.009998
"131","2007-07-11",46.200001
"132","2007-07-12",47
"133","2007-07-13",45.799999
"134","2007-07-16",45.220001
"135","2007-07-17",45.779999
"136","2007-07-18",44.959999
"137","2007-07-19",44.970001
"138","2007-07-20",43.459999
"139","2007-07-23",43.169998
"140","2007-07-24",40.700001
"141","2007-07-25",41.75
"142","2007-07-26",40.91
"143","2007-07-27",38.369999
"144","2007-07-30",39.02
"145","2007-07-31",37.560001
"146","2007-08-01",38.23
"147","2007-08-02",38.560001
"148","2007-08-03",37.400002
"149","2007-08-06",38.759998
"150","2007-08-07",39.5
"151","2007-08-08",42.619999
"152","2007-08-09",43.75
"153","2007-08-10",44
"154","2007-08-13",41.849998
"155","2007-08-14",41.880001
"156","2007-08-15",39.709999
"157","2007-08-16",43.98
"158","2007-08-17",44.139999
"159","2007-08-20",43.560001
"160","2007-08-21",43.349998
"161","2007-08-22",43.540001
"162","2007-08-23",42.02
"163","2007-08-24",43.080002
"164","2007-08-27",42.07
"165","2007-08-28",39.889999
"166","2007-08-29",41.34
"167","2007-08-30",40.48
"168","2007-08-31",41.380001
"169","2007-09-04",41.720001
"170","2007-09-05",39.630001
"171","2007-09-06",40.130001
"172","2007-09-07",39
"173","2007-09-10",38.880001
"174","2007-09-11",39.279999
"175","2007-09-12",38.799999
"176","2007-09-13",39.5
"177","2007-09-14",39.200001
"178","2007-09-17",38.66
"179","2007-09-18",40.029999
"180","2007-09-19",42.299999
"181","2007-09-20",41.16
"182","2007-09-21",40.93
"183","2007-09-24",40.009998
"184","2007-09-25",41.970001
"185","2007-09-26",40.299999
"186","2007-09-27",40
"187","2007-09-28",37.459999
"188","2007-10-01",39.650002
"189","2007-10-02",39.84
"190","2007-10-03",38.48
"191","2007-10-04",38.279999
"192","2007-10-05",39.650002
"193","2007-10-08",39
"194","2007-10-09",38.400002
"195","2007-10-10",39.220001
"196","2007-10-11",38.200001
"197","2007-10-12",38.540001
"198","2007-10-15",37.900002
"199","2007-10-16",37.919998
"200","2007-10-17",37.950001
"201","2007-10-18",37.950001
"202","2007-10-19",36.290001
"203","2007-10-22",38.599998
"204","2007-10-23",37.119999
"205","2007-10-24",37.5
"206","2007-10-25",37.049999
"207","2007-10-26",38.529999
"208","2007-10-29",37.060001
"209","2007-10-30",37.259998
"210","2007-10-31",37.630001
"211","2007-11-01",37
"212","2007-11-02",37.169998
"213","2007-11-05",37.330002
"214","2007-11-06",37.919998
"215","2007-11-07",37.009998
"216","2007-11-08",37.860001
"217","2007-11-09",37.790001
"218","2007-11-12",38.32
"219","2007-11-13",39.900002
"220","2007-11-14",38.52
"221","2007-11-15",38
"222","2007-11-16",38.25
"223","2007-11-19",37.259998
"224","2007-11-20",37.119999
"225","2007-11-21",36.369999
"226","2007-11-23",37.93
"227","2007-11-26",36.369999
"228","2007-11-27",36.830002
"229","2007-11-28",38.130001
"230","2007-11-29",36.880001
"231","2007-11-30",37.369999
"232","2007-12-03",37.029999
"233","2007-12-04",37.049999
"234","2007-12-05",37.209999
"235","2007-12-06",38.369999
"236","2007-12-07",37.970001
"237","2007-12-10",38.439999
"238","2007-12-11",37.099998
"239","2007-12-12",37.810001
"240","2007-12-13",37.529999
"241","2007-12-14",37.099998
"242","2007-12-17",35.970001
"243","2007-12-18",38.240002
"244","2007-12-19",36.43
"245","2007-12-20",36.59
"246","2007-12-21",39.369999
"247","2007-12-24",39.599998
"248","2007-12-26",41.529999
"249","2007-12-27",39.580002
"250","2007-12-28",39.18
"251","2007-12-31",38
"252","2008-01-02",36.950001
"253","2008-01-03",39.5
"254","2008-01-04",40.080002
"255","2008-01-07",41.509998
"256","2008-01-08",39.900002
"257","2008-01-09",39.900002
"258","2008-01-10",41.16
"259","2008-01-11",38.959999
"260","2008-01-14",38.639999
"261","2008-01-15",37.790001
"262","2008-01-16",37.939999
"263","2008-01-17",37.610001
"264","2008-01-18",36.369999
"265","2008-01-22",38.700001
"266","2008-01-23",40.299999
"267","2008-01-24",38.82
"268","2008-01-25",38.240002
"269","2008-01-28",39.07
"270","2008-01-29",39.330002
"271","2008-01-30",38.200001
"272","2008-01-31",40.84
"273","2008-02-01",40
"274","2008-02-04",39.919998
"275","2008-02-05",38.209999
"276","2008-02-06",37.68
"277","2008-02-07",38.57
"278","2008-02-08",36.959999
"279","2008-02-11",37.919998
"280","2008-02-12",39.220001
"281","2008-02-13",41.290001
"282","2008-02-14",38.450001
"283","2008-02-15",37.52
"284","2008-02-19",37.27
"285","2008-02-20",38.68
"286","2008-02-21",36.34
"287","2008-02-22",37.009998
"288","2008-02-25",39.16
"289","2008-02-26",39.59
"290","2008-02-27",38.5
"291","2008-02-28",39.98
"292","2008-02-29",38.630001
"293","2008-03-03",39.959999
"294","2008-03-04",39.84
"295","2008-03-05",39.419998
"296","2008-03-06",38.169998
"297","2008-03-07",38.290001
"298","2008-03-10",37.209999
"299","2008-03-11",38.32
"300","2008-03-12",37.110001
"301","2008-03-13",39.080002
"302","2008-03-14",37.630001
"303","2008-03-17",35.860001
"304","2008-03-18",37.259998
"305","2008-03-19",35.860001
"306","2008-03-20",36.549999
"307","2008-03-24",37.07
"308","2008-03-25",38.060001
"309","2008-03-26",39.209999
"310","2008-03-27",37.09
"311","2008-03-28",36.720001
"312","2008-03-31",37.09
"313","2008-04-01",38.080002
"314","2008-04-02",39.369999
"315","2008-04-03",41.900002
"316","2008-04-04",43.619999
"317","2008-04-07",44.189999
"318","2008-04-08",44.860001
"319","2008-04-09",43.349998
"320","2008-04-10",44.619999
"321","2008-04-11",44.560001
"322","2008-04-14",44.849998
"323","2008-04-15",45.5
"324","2008-04-16",46.720001
"325","2008-04-17",46.560001
"326","2008-04-18",47
"327","2008-04-21",47.5
"328","2008-04-22",47.560001
"329","2008-04-23",47.919998
"330","2008-04-24",48.330002
"331","2008-04-25",48.220001
"332","2008-04-28",48.330002
"333","2008-04-29",47.34
"334","2008-04-30",46.810001
"335","2008-05-01",49.400002
"336","2008-05-02",48.549999
"337","2008-05-05",48.650002
"338","2008-05-06",48.630001
"339","2008-05-07",47.580002
"340","2008-05-08",46.700001
"341","2008-05-09",47.16
"342","2008-05-12",47.799999
"343","2008-05-13",48.220001
"344","2008-05-14",48.700001
"345","2008-05-15",48.700001
"346","2008-05-16",47.099998
"347","2008-05-19",49.560001
"348","2008-05-20",48.48
"349","2008-05-21",47.77
"350","2008-05-22",48.529999
"351","2008-05-23",45.919998
"352","2008-05-27",47.98
"353","2008-05-28",48.200001
"354","2008-05-29",49.169998
"355","2008-05-30",48
"356","2008-06-02",46.380001
"357","2008-06-03",45.16
"358","2008-06-04",46.400002
"359","2008-06-05",47.880001
"360","2008-06-06",46.610001
"361","2008-06-09",45.790001
"362","2008-06-10",46.419998
"363","2008-06-11",45.310001
"364","2008-06-12",45.889999
"365","2008-06-13",47.330002
"366","2008-06-16",47.880001
"367","2008-06-17",47.279999
"368","2008-06-18",47.639999
"369","2008-06-19",48.360001
"370","2008-06-20",47.349998
"371","2008-06-23",46.459999
"372","2008-06-24",46.049999
"373","2008-06-25",46.84
"374","2008-06-26",46.169998
"375","2008-06-27",45.919998
"376","2008-06-30",44.66
"377","2008-07-01",44.669998
"378","2008-07-02",47.98
"379","2008-07-03",46.849998
"380","2008-07-07",46.939999
"381","2008-07-08",47.310001
"382","2008-07-09",46.990002
"383","2008-07-10",46.599998
"384","2008-07-11",45.419998
"385","2008-07-14",44.27
"386","2008-07-15",45.25
"387","2008-07-16",46.150002
"388","2008-07-17",47.02
"389","2008-07-18",46.849998
"390","2008-07-21",46.110001
"391","2008-07-22",47.080002
"392","2008-07-23",46.860001
"393","2008-07-24",47.049999
"394","2008-07-25",47.080002
"395","2008-07-28",45.380001
"396","2008-07-29",46.25
"397","2008-07-30",45.799999
"398","2008-07-31",44.77
"399","2008-08-01",44.959999
"400","2008-08-04",43.5
"401","2008-08-05",45.459999
"402","2008-08-06",45.599998
"403","2008-08-07",44.509998
"404","2008-08-08",44.790001
"405","2008-08-11",45.75
"406","2008-08-12",44.689999
"407","2008-08-13",45.82
"408","2008-08-14",45.799999
"409","2008-08-15",45.75
"410","2008-08-18",45.200001
"411","2008-08-19",45.09
"412","2008-08-20",44.91
"413","2008-08-21",44.240002
"414","2008-08-22",45.119999
"415","2008-08-25",43.330002
"416","2008-08-26",43.84
"417","2008-08-27",44.029999
"418","2008-08-28",44.150002
"419","2008-08-29",43.029999
"420","2008-09-02",43.299999
"421","2008-09-03",44.52
"422","2008-09-04",44.060001
"423","2008-09-05",43.029999
"424","2008-09-08",43.799999
"425","2008-09-09",43.630001
"426","2008-09-10",45.450001
"427","2008-09-11",46.830002
"428","2008-09-12",47.389999
"429","2008-09-15",45.740002
"430","2008-09-16",46.849998
"431","2008-09-17",45.540001
"432","2008-09-18",46.98
"433","2008-09-19",47.25
"434","2008-09-22",47.130001
"435","2008-09-23",46.560001
"436","2008-09-24",46.139999
"437","2008-09-25",46.599998
"438","2008-09-26",45.77
"439","2008-09-29",43.91
"440","2008-09-30",43.09
"441","2008-10-01",43.380001
"442","2008-10-02",40.049999
"443","2008-10-03",38.830002
"444","2008-10-06",38.91
"445","2008-10-07",38.009998
"446","2008-10-08",36.560001
"447","2008-10-09",33.450001
"448","2008-10-10",33.200001
"449","2008-10-13",35.099998
"450","2008-10-14",35.040001
"451","2008-10-15",32.5
"452","2008-10-16",35.450001
"453","2008-10-17",33.82
"454","2008-10-20",34.759998
"455","2008-10-21",34.169998
"456","2008-10-22",32.23
"457","2008-10-23",32.23
"458","2008-10-24",31.5
"459","2008-10-27",29.540001
"460","2008-10-28",31.51
"461","2008-10-29",30.51
"462","2008-10-30",33.099998
"463","2008-10-31",32.630001
"464","2008-11-03",31.549999
"465","2008-11-04",31.540001
"466","2008-11-05",29.879999
"467","2008-11-06",29.76
"468","2008-11-07",29.360001
"469","2008-11-10",27.24
"470","2008-11-11",27.08
"471","2008-11-12",26.440001
"472","2008-11-13",28.389999
"473","2008-11-14",26.26
"474","2008-11-17",26.190001
"475","2008-11-18",26.469999
"476","2008-11-19",25.860001
"477","2008-11-20",25.6
"478","2008-11-21",26.110001
"479","2008-11-24",27.299999
"480","2008-11-25",27.040001
"481","2008-11-26",27.77
"482","2008-11-28",27.709999
"483","2008-12-01",24.549999
"484","2008-12-02",25.879999
"485","2008-12-03",26.559999
"486","2008-12-04",25.51
"487","2008-12-05",26.83
"488","2008-12-08",27.530001
"489","2008-12-09",26.68
"490","2008-12-10",26.959999
"491","2008-12-11",25.92
"492","2008-12-12",27.27
"493","2008-12-15",25.92
"494","2008-12-16",26.879999
"495","2008-12-17",27.84
"496","2008-12-18",27.82
"497","2008-12-19",28.879999
"498","2008-12-22",28.26
"499","2008-12-23",27.58
"500","2008-12-24",28.110001
"501","2008-12-26",28.299999
"502","2008-12-29",27.52
"503","2008-12-30",28.68
"504","2008-12-31",29.690001
"505","2009-01-02",29.639999
"506","2009-01-05",29.360001
"507","2009-01-06",29.879999
"508","2009-01-07",30.540001
"509","2009-01-08",30.549999
"510","2009-01-09",29.07
"511","2009-01-12",29.07
"512","2009-01-13",28.85
"513","2009-01-14",27.059999
"514","2009-01-15",28.200001
"515","2009-01-16",28.549999
"516","2009-01-20",27.07
"517","2009-01-21",28.52
"518","2009-01-22",27.33
"519","2009-01-23",26.67
"520","2009-01-26",26.65
"521","2009-01-27",26.93
"522","2009-01-28",28.09
"523","2009-01-29",26.77
"524","2009-01-30",26.24
"525","2009-02-02",27.1
"526","2009-02-03",27.4
"527","2009-02-04",26.780001
"528","2009-02-05",27.42
"529","2009-02-06",29.35
"530","2009-02-09",29.209999
"531","2009-02-10",27.889999
"532","2009-02-11",28.450001
"533","2009-02-12",29.17
"534","2009-02-13",28.98
"535","2009-02-17",27.92
"536","2009-02-18",27.68
"537","2009-02-19",27.639999
"538","2009-02-20",27.389999
"539","2009-02-23",25.99
"540","2009-02-24",26.92
"541","2009-02-25",25.6
"542","2009-02-26",24.200001
"543","2009-02-27",23.959999
"544","2009-03-02",22.799999
"545","2009-03-03",22.559999
"546","2009-03-04",22.68
"547","2009-03-05",21.23
"548","2009-03-06",21.41
"549","2009-03-09",20.24
"550","2009-03-10",21.83
"551","2009-03-11",22.469999
"552","2009-03-12",23.370001
"553","2009-03-13",24.200001
"554","2009-03-16",24.030001
"555","2009-03-17",24.65
"556","2009-03-18",26.07
"557","2009-03-19",25.889999
"558","2009-03-20",26.49
"559","2009-03-23",28.83
"560","2009-03-24",27.809999
"561","2009-03-25",28.32
"562","2009-03-26",29.91
"563","2009-03-27",28.76
"564","2009-03-30",28.549999
"565","2009-03-31",27.84
"566","2009-04-01",28.860001
"567","2009-04-02",34.580002
"568","2009-04-03",36.700001
"569","2009-04-06",35.75
"570","2009-04-07",36.060001
"571","2009-04-08",35.34
"572","2009-04-09",37.779999
"573","2009-04-13",37.889999
"574","2009-04-14",36.32
"575","2009-04-15",37.560001
"576","2009-04-16",38.369999
"577","2009-04-17",38.07
"578","2009-04-20",36.48
"579","2009-04-21",36.970001
"580","2009-04-22",36.860001
"581","2009-04-23",36.419998
"582","2009-04-24",36.619999
"583","2009-04-27",37.130001
"584","2009-04-28",37.279999
"585","2009-04-29",37.93
"586","2009-04-30",37.290001
"587","2009-05-01",37.360001
"588","2009-05-04",37.790001
"589","2009-05-05",37.380001
"590","2009-05-06",36.73
"591","2009-05-07",36.68
"592","2009-05-08",37.279999
"593","2009-05-11",35.779999
"594","2009-05-12",34.990002
"595","2009-05-13",33.330002
"596","2009-05-14",33.82
"597","2009-05-15",33.529999
"598","2009-05-18",34.59
"599","2009-05-19",33.73
"600","2009-05-20",33.669998
"601","2009-05-21",33.34
"602","2009-05-22",33.41
"603","2009-05-26",34.52
"604","2009-05-27",33.59
"605","2009-05-28",33.849998
"606","2009-05-29",34.150002
"607","2009-06-01",34.299999
"608","2009-06-02",35.509998
"609","2009-06-03",35.740002
"610","2009-06-04",35.810001
"611","2009-06-05",36.279999
"612","2009-06-08",36.07
"613","2009-06-09",36.34
"614","2009-06-10",37.290001
"615","2009-06-11",37.77
"616","2009-06-12",38.07
"617","2009-06-15",37.82
"618","2009-06-16",38.299999
"619","2009-06-17",38.84
"620","2009-06-18",38.84
"621","2009-06-19",38.82
"622","2009-06-22",37.599998
"623","2009-06-23",37.040001
"624","2009-06-24",36.619999
"625","2009-06-25",36.970001
"626","2009-06-26",37.400002
"627","2009-06-29",36.84
"628","2009-06-30",37.169998
"629","2009-07-01",38.740002
"630","2009-07-02",36.700001
"631","2009-07-06",38.59
"632","2009-07-07",38.27
"633","2009-07-08",38.240002
"634","2009-07-09",37.59
"635","2009-07-10",37.919998
"636","2009-07-13",38.509998
"637","2009-07-14",38.369999
"638","2009-07-15",38.549999
"639","2009-07-16",39.09
"640","2009-07-17",38.970001
"641","2009-07-20",39.310001
"642","2009-07-21",38.970001
"643","2009-07-22",39.139999
"644","2009-07-23",38.779999
"645","2009-07-24",38.860001
"646","2009-07-27",39.099998
"647","2009-07-28",39.59
"648","2009-07-29",39.619999
"649","2009-07-30",39.82
"650","2009-07-31",38.919998
"651","2009-08-03",39.23
"652","2009-08-04",39.650002
"653","2009-08-05",39.650002
"654","2009-08-06",39.279999
"655","2009-08-07",40.110001
"656","2009-08-10",40.110001
"657","2009-08-11",39.709999
"658","2009-08-12",40.959999
"659","2009-08-13",41.759998
"660","2009-08-14",41.259998
"661","2009-08-17",40.849998
"662","2009-08-18",41.349998
"663","2009-08-19",41.639999
"664","2009-08-20",41.779999
"665","2009-08-21",42.790001
"666","2009-08-24",41.900002
"667","2009-08-25",42.689999
"668","2009-08-26",42.599998
"669","2009-08-27",42
"670","2009-08-28",41.540001
"671","2009-08-31",39.889999
"672","2009-09-01",38.880001
"673","2009-09-02",39.209999
"674","2009-09-03",39.900002
"675","2009-09-04",40.279999
"676","2009-09-08",40.509998
"677","2009-09-09",40.919998
"678","2009-09-10",41.709999
"679","2009-09-11",41.529999
"680","2009-09-14",42.669998
"681","2009-09-15",43.240002
"682","2009-09-16",44.040001
"683","2009-09-17",44.919998
"684","2009-09-18",44.439999
"685","2009-09-21",44.369999
"686","2009-09-22",43.41
"687","2009-09-23",43.200001
"688","2009-09-24",44.049999
"689","2009-09-25",44.400002
"690","2009-09-28",44.439999
"691","2009-09-29",45.060001
"692","2009-09-30",44.450001
"693","2009-10-01",44.810001
"694","2009-10-02",44.509998
"695","2009-10-05",44.68
"696","2009-10-06",44.990002
"697","2009-10-07",44.98
"698","2009-10-08",45.459999
"699","2009-10-09",46.360001
"700","2009-10-12",45.299999
"701","2009-10-13",44.790001
"702","2009-10-14",46.200001
"703","2009-10-15",46.549999
"704","2009-10-16",45.259998
"705","2009-10-19",45.66
"706","2009-10-20",45.290001
"707","2009-10-21",45.310001
"708","2009-10-22",45.369999
"709","2009-10-23",45.32
"710","2009-10-26",45.299999
"711","2009-10-27",45.27
"712","2009-10-28",43.59
"713","2009-10-29",42.560001
"714","2009-10-30",42.07
"715","2009-11-02",41.880001
"716","2009-11-03",41.34
"717","2009-11-04",40.27
"718","2009-11-05",41.990002
"719","2009-11-06",42.169998
"720","2009-11-09",42.439999
"721","2009-11-10",42.549999
"722","2009-11-11",42.91
"723","2009-11-12",43.419998
"724","2009-11-13",43.919998
"725","2009-11-16",45.16
"726","2009-11-17",45.060001
"727","2009-11-18",44.549999
"728","2009-11-19",44
"729","2009-11-20",44.16
"730","2009-11-23",45.150002
"731","2009-11-24",44.900002
"732","2009-11-25",44.439999
"733","2009-11-27",43.560001
"734","2009-11-30",43.950001
"735","2009-12-01",44.099998
"736","2009-12-02",44.5
"737","2009-12-03",45.43
"738","2009-12-04",46.580002
"739","2009-12-07",47.07
"740","2009-12-08",46.259998
"741","2009-12-09",45.279999
"742","2009-12-10",45.599998
"743","2009-12-11",46.75
"744","2009-12-14",47.639999
"745","2009-12-15",47.759998
"746","2009-12-16",47.82
"747","2009-12-17",47.759998
"748","2009-12-18",47.459999
"749","2009-12-21",47.860001
"750","2009-12-22",47.959999
"751","2009-12-23",47.990002
"752","2009-12-24",48.189999
"753","2009-12-28",48.32
"754","2009-12-29",48.18
"755","2009-12-30",48.52
"756","2009-12-31",48.110001
"757","2010-01-04",49.110001
"758","2010-01-05",48.369999
"759","2010-01-06",50.580002
"760","2010-01-07",52.689999
"761","2010-01-08",54.470001
"762","2010-01-11",54.419998
"763","2010-01-12",54.439999
"764","2010-01-13",54.150002
"765","2010-01-14",53.830002
"766","2010-01-15",53.200001
"767","2010-01-19",53.18
"768","2010-01-20",52.360001
"769","2010-01-21",51.389999
"770","2010-01-22",50.599998
"771","2010-01-25",51.799999
"772","2010-01-26",51.549999
"773","2010-01-27",52.34
"774","2010-01-28",50.450001
"775","2010-01-29",50.240002
"776","2010-02-01",50.650002
"777","2010-02-02",50.68
"778","2010-02-03",50.740002
"779","2010-02-04",50.669998
"780","2010-02-05",51.119999
"781","2010-02-08",50.459999
"782","2010-02-09",50.990002
"783","2010-02-10",51.27
"784","2010-02-11",51.959999
"785","2010-02-12",52.099998
"786","2010-02-16",52.099998
"787","2010-02-17",52.139999
"788","2010-02-18",53.16
"789","2010-02-19",53.93
"790","2010-02-22",53.900002
"791","2010-02-23",53.400002
"792","2010-02-24",53.139999
"793","2010-02-25",53.279999
"794","2010-02-26",52.560001
"795","2010-03-01",53.599998
"796","2010-03-02",53.84
"797","2010-03-03",53.59
"798","2010-03-04",53.16
"799","2010-03-05",54.459999
"800","2010-03-08",54.959999
"801","2010-03-09",54.610001
"802","2010-03-10",54.880001
"803","2010-03-11",54.209999
"804","2010-03-12",54.790001
"805","2010-03-15",54.119999
"806","2010-03-16",53.91
"807","2010-03-17",54.009998
"808","2010-03-18",54.119999
"809","2010-03-19",54.34
"810","2010-03-22",55.279999
"811","2010-03-23",55.740002
"812","2010-03-24",54.32
"813","2010-03-25",53.77
"814","2010-03-26",53.610001
"815","2010-03-29",53.459999
"816","2010-03-30",53.529999
"817","2010-03-31",51.5
"818","2010-04-01",51.5
"819","2010-04-05",51.389999
"820","2010-04-06",51.73
"821","2010-04-07",51.66
"822","2010-04-08",51.09
"823","2010-04-09",51.689999
"824","2010-04-12",51.669998
"825","2010-04-13",51.599998
"826","2010-04-14",52.32
"827","2010-04-15",51.939999
"828","2010-04-16",51.779999
"829","2010-04-19",51.25
"830","2010-04-20",51.240002
"831","2010-04-21",51.150002
"832","2010-04-22",51.299999
"833","2010-04-23",51
"834","2010-04-26",50.810001
"835","2010-04-27",49.919998
"836","2010-04-28",49.830002
"837","2010-04-29",50.5
"838","2010-04-30",48.869999
"839","2010-05-03",48.610001
"840","2010-05-04",47.93
"841","2010-05-05",47.889999
"842","2010-05-06",46.049999
"843","2010-05-07",45.27
"844","2010-05-10",46.950001
"845","2010-05-11",47.400002
"846","2010-05-12",48.16
"847","2010-05-13",48.049999
"848","2010-05-14",47.759998
"849","2010-05-17",47.169998
"850","2010-05-18",47.34
"851","2010-05-19",48.25
"852","2010-05-20",45.639999
"853","2010-05-21",45.75
"854","2010-05-24",44.970001
"855","2010-05-25",44.25
"856","2010-05-26",45.02
"857","2010-05-27",45.799999
"858","2010-05-28",45
"859","2010-06-01",44.75
"860","2010-06-02",45.130001
"861","2010-06-03",45.07
"862","2010-06-04",43.880001
"863","2010-06-07",41.849998
"864","2010-06-08",40.919998
"865","2010-06-09",40.029999
"866","2010-06-10",40.959999
"867","2010-06-11",42
"868","2010-06-14",41.700001
"869","2010-06-15",42.540001
"870","2010-06-16",42.48
"871","2010-06-17",42.360001
"872","2010-06-18",42.509998
"873","2010-06-21",41.970001
"874","2010-06-22",41.009998
"875","2010-06-23",41.080002
"876","2010-06-24",40.98
"877","2010-06-25",41.84
"878","2010-06-28",41.720001
"879","2010-06-29",41.029999
"880","2010-06-30",44.02
"881","2010-07-01",43.389999
"882","2010-07-02",43.330002
"883","2010-07-06",42.16
"884","2010-07-07",43.349998
"885","2010-07-08",44.529999
"886","2010-07-09",44.630001
"887","2010-07-12",44.75
"888","2010-07-13",45.919998
"889","2010-07-14",45.639999
"890","2010-07-15",44.02
"891","2010-07-16",42.330002
"892","2010-07-19",43.099998
"893","2010-07-20",44
"894","2010-07-21",42.779999
"895","2010-07-22",44
"896","2010-07-23",43.98
"897","2010-07-26",43.98
"898","2010-07-27",43.950001
"899","2010-07-28",43.540001
"900","2010-07-29",43.41
"901","2010-07-30",43.959999
"902","2010-08-02",43.970001
"903","2010-08-03",43.66
"904","2010-08-04",44
"905","2010-08-05",43.66
"906","2010-08-06",43.560001
"907","2010-08-09",44.27
"908","2010-08-10",43.130001
"909","2010-08-11",41.240002
"910","2010-08-12",41.639999
"911","2010-08-13",40.380001
"912","2010-08-16",40.740002
"913","2010-08-17",41.419998
"914","2010-08-18",41.189999
"915","2010-08-19",39.740002
"916","2010-08-20",39.959999
"917","2010-08-23",39.02
"918","2010-08-24",38.560001
"919","2010-08-25",39.529999
"920","2010-08-26",39.720001
"921","2010-08-27",40.470001
"922","2010-08-30",39.459999
"923","2010-08-31",39.259998
"924","2010-09-01",41
"925","2010-09-02",41.240002
"926","2010-09-03",41.98
"927","2010-09-07",40.860001
"928","2010-09-08",41
"929","2010-09-09",41.810001
"930","2010-09-10",42.380001
"931","2010-09-13",43.279999
"932","2010-09-14",43.360001
"933","2010-09-15",43.470001
"934","2010-09-16",43.130001
"935","2010-09-17",42.720001
"936","2010-09-20",44.439999
"937","2010-09-21",44.389999
"938","2010-09-22",44.16
"939","2010-09-23",42.830002
"940","2010-09-24",44.279999
"941","2010-09-27",44.009998
"942","2010-09-28",45.25
"943","2010-09-29",44.709999
"944","2010-09-30",44.150002
"945","2010-10-01",44.209999
"946","2010-10-04",42.91
"947","2010-10-05",44.93
"948","2010-10-06",44.419998
"949","2010-10-07",45.119999
"950","2010-10-08",45.91
"951","2010-10-11",45.830002
"952","2010-10-12",45.619999
"953","2010-10-13",46.73
"954","2010-10-14",46.790001
"955","2010-10-15",46.919998
"956","2010-10-18",46.939999
"957","2010-10-19",46.080002
"958","2010-10-20",45.09
"959","2010-10-21",45.41
"960","2010-10-22",45.389999
"961","2010-10-25",45.66
"962","2010-10-26",45.57
"963","2010-10-27",46.290001
"964","2010-10-28",45.950001
"965","2010-10-29",46.029999
"966","2010-11-01",46.490002
"967","2010-11-02",48.060001
"968","2010-11-03",47.52
"969","2010-11-04",49.669998
"970","2010-11-05",49.400002
"971","2010-11-08",49.700001
"972","2010-11-09",49.259998
"973","2010-11-10",50.029999
"974","2010-11-11",49.869999
"975","2010-11-12",49.380001
"976","2010-11-15",50.060001
"977","2010-11-16",48.400002
"978","2010-11-17",48.130001
"979","2010-11-18",48.860001
"980","2010-11-19",49.549999
"981","2010-11-22",49.880001
"982","2010-11-23",49.099998
"983","2010-11-24",52.139999
"984","2010-11-26",51.810001
"985","2010-11-29",51.700001
"986","2010-11-30",51.27
"987","2010-12-01",52.650002
"988","2010-12-02",53.369999
"989","2010-12-03",53.259998
"990","2010-12-06",53.59
"991","2010-12-07",53.959999
"992","2010-12-08",53.639999
"993","2010-12-09",53.830002
"994","2010-12-10",54.349998
"995","2010-12-13",53.68
"996","2010-12-14",53.790001
"997","2010-12-15",53.810001
"998","2010-12-16",54.23
"999","2010-12-17",55.029999
"1000","2010-12-20",54.34
"1001","2010-12-21",54.560001
"1002","2010-12-22",53.950001
"1003","2010-12-23",54.419998
"1004","2010-12-27",54.77
"1005","2010-12-28",55.119999
"1006","2010-12-29",55.23
"1007","2010-12-30",55.130001
"1008","2010-12-31",55.049999
"1009","2011-01-03",56.360001
"1010","2011-01-04",54.68
"1011","2011-01-05",56.990002
"1012","2011-01-06",55.259998
"1013","2011-01-07",53.880001
"1014","2011-01-10",54.099998
"1015","2011-01-11",54.959999
"1016","2011-01-12",55.57
"1017","2011-01-13",55.48
"1018","2011-01-14",56.16
"1019","2011-01-18",55.990002
"1020","2011-01-19",53.98
"1021","2011-01-20",53.57
"1022","2011-01-21",53
"1023","2011-01-24",53.880001
"1024","2011-01-25",54.470001
"1025","2011-01-26",55.279999
"1026","2011-01-27",55.970001
"1027","2011-01-28",54.889999
"1028","2011-01-31",55.759998
"1029","2011-02-01",56.52
"1030","2011-02-02",56.529999
"1031","2011-02-03",56.700001
"1032","2011-02-04",56.959999
"1033","2011-02-07",57.59
"1034","2011-02-08",57.32
"1035","2011-02-09",56.950001
"1036","2011-02-10",56.740002
"1037","2011-02-11",57.5
"1038","2011-02-14",56.880001
"1039","2011-02-15",56.700001
"1040","2011-02-16",56.689999
"1041","2011-02-17",56.869999
"1042","2011-02-18",57.389999
"1043","2011-02-22",56.889999
"1044","2011-02-23",55.82
"1045","2011-02-24",55.619999
"1046","2011-02-25",56.450001
"1047","2011-02-28",56.400002
"1048","2011-03-01",55.540001
"1049","2011-03-02",55.66
"1050","2011-03-03",56.799999
"1051","2011-03-04",57.259998
"1052","2011-03-07",55.209999
"1053","2011-03-08",56.34
"1054","2011-03-09",56.470001
"1055","2011-03-10",54.220001
"1056","2011-03-11",54.18
"1057","2011-03-14",54.009998
"1058","2011-03-15",53.220001
"1059","2011-03-16",51.900002
"1060","2011-03-17",52.060001
"1061","2011-03-18",52.880001
"1062","2011-03-21",54.32
"1063","2011-03-22",54.049999
"1064","2011-03-23",54.48
"1065","2011-03-24",54.599998
"1066","2011-03-25",55.049999
"1067","2011-03-28",54.93
"1068","2011-03-29",54.900002
"1069","2011-03-30",54.740002
"1070","2011-03-31",53.009998
"1071","2011-04-01",52.599998
"1072","2011-04-04",52.900002
"1073","2011-04-05",53.380001
"1074","2011-04-06",53.349998
"1075","2011-04-07",53.32
"1076","2011-04-08",53.32
"1077","2011-04-11",53
"1078","2011-04-12",52.419998
"1079","2011-04-13",52
"1080","2011-04-14",52.080002
"1081","2011-04-15",52.09
"1082","2011-04-18",50.950001
"1083","2011-04-19",50.490002
"1084","2011-04-20",50.970001
"1085","2011-04-21",50.869999
"1086","2011-04-25",50.09
"1087","2011-04-26",51.049999
"1088","2011-04-27",51.279999
"1089","2011-04-28",51.619999
"1090","2011-04-29",51.759998
"1091","2011-05-02",51.860001
"1092","2011-05-03",52
"1093","2011-05-04",51.459999
"1094","2011-05-05",51.450001
"1095","2011-05-06",51.52
"1096","2011-05-09",51.34
"1097","2011-05-10",52.459999
"1098","2011-05-11",51.490002
"1099","2011-05-12",52.700001
"1100","2011-05-13",51.669998
"1101","2011-05-16",50.849998
"1102","2011-05-17",51.09
"1103","2011-05-18",51.73
"1104","2011-05-19",51.52
"1105","2011-05-20",51.299999
"1106","2011-05-23",51.130001
"1107","2011-05-24",50.759998
"1108","2011-05-25",51.419998
"1109","2011-05-26",52.25
"1110","2011-05-27",52.450001
"1111","2011-05-31",53.619999
"1112","2011-06-01",51.349998
"1113","2011-06-02",51.48
"1114","2011-06-03",50.560001
"1115","2011-06-06",50.189999
"1116","2011-06-07",50.360001
"1117","2011-06-08",50.389999
"1118","2011-06-09",50.200001
"1119","2011-06-10",50.119999
"1120","2011-06-13",49.630001
"1121","2011-06-14",50.709999
"1122","2011-06-15",50.060001
"1123","2011-06-16",50.330002
"1124","2011-06-17",50.380001
"1125","2011-06-20",50.98
"1126","2011-06-21",51.880001
"1127","2011-06-22",51.240002
"1128","2011-06-23",51.389999
"1129","2011-06-24",50.900002
"1130","2011-06-27",51.970001
"1131","2011-06-28",52.93
"1132","2011-06-29",54.5
"1133","2011-06-30",56.189999
"1134","2011-07-01",58.450001
"1135","2011-07-05",58.150002
"1136","2011-07-06",58.91
"1137","2011-07-07",60.490002
"1138","2011-07-08",59.689999
"1139","2011-07-11",58.810001
"1140","2011-07-12",58.799999
"1141","2011-07-13",58.650002
"1142","2011-07-14",57.630001
"1143","2011-07-15",58.009998
"1144","2011-07-18",56.84
"1145","2011-07-19",57.93
"1146","2011-07-20",57.709999
"1147","2011-07-21",58.619999
"1148","2011-07-22",58.029999
"1149","2011-07-25",57.419998
"1150","2011-07-26",56.470001
"1151","2011-07-27",55.330002
"1152","2011-07-28",54.950001
"1153","2011-07-29",54.849998
"1154","2011-08-01",54.599998
"1155","2011-08-02",53.799999
"1156","2011-08-03",54.150002
"1157","2011-08-04",52.84
"1158","2011-08-05",52.5
"1159","2011-08-08",47.509998
"1160","2011-08-09",50.59
"1161","2011-08-10",47.299999
"1162","2011-08-11",49.959999
"1163","2011-08-12",49.459999
"1164","2011-08-15",50.459999
"1165","2011-08-16",50.290001
"1166","2011-08-17",49.860001
"1167","2011-08-18",46.59
"1168","2011-08-19",45.939999
"1169","2011-08-22",45.880001
"1170","2011-08-23",48.389999
"1171","2011-08-24",49.169998
"1172","2011-08-25",47.84
"1173","2011-08-26",49.02
"1174","2011-08-29",51.380001
"1175","2011-08-30",51.549999
"1176","2011-08-31",51.779999
"1177","2011-09-01",50.540001
"1178","2011-09-02",48.82
"1179","2011-09-06",48.389999
"1180","2011-09-07",49.77
"1181","2011-09-08",48.970001
"1182","2011-09-09",47.77
"1183","2011-09-12",47.849998
"1184","2011-09-13",48.52
"1185","2011-09-14",49.68
"1186","2011-09-15",50.869999
"1187","2011-09-16",50.450001
"1188","2011-09-19",49.290001
"1189","2011-09-20",48.48
"1190","2011-09-21",45.439999
"1191","2011-09-22",44.790001
"1192","2011-09-23",45.23
"1193","2011-09-26",45.669998
"1194","2011-09-27",46.889999
"1195","2011-09-28",45.07
"1196","2011-09-29",46.560001
"1197","2011-09-30",45.290001
"1198","2011-10-03",43.91
"1199","2011-10-04",43.82
"1200","2011-10-05",45.209999
"1201","2011-10-06",46.700001
"1202","2011-10-07",45.59
"1203","2011-10-10",47.700001
"1204","2011-10-11",48.349998
"1205","2011-10-12",49.709999
"1206","2011-10-13",49.490002
"1207","2011-10-14",50.610001
"1208","2011-10-17",50.049999
"1209","2011-10-18",49.509998
"1210","2011-10-19",50.389999
"1211","2011-10-20",50.57
"1212","2011-10-21",49.52
"1213","2011-10-24",51.490002
"1214","2011-10-25",49.669998
"1215","2011-10-26",50.389999
"1216","2011-10-27",53.990002
"1217","2011-10-28",53.860001
"1218","2011-10-31",52.349998
"1219","2011-11-01",50.52
"1220","2011-11-02",52.189999
"1221","2011-11-03",54.470001
"1222","2011-11-04",54.040001
"1223","2011-11-07",53.799999
"1224","2011-11-08",55.240002
"1225","2011-11-09",52.299999
"1226","2011-11-10",52.959999
"1227","2011-11-11",54.799999
"1228","2011-11-14",53.970001
"1229","2011-11-15",55.400002
"1230","2011-11-16",54.060001
"1231","2011-11-17",54.060001
"1232","2011-11-18",54.580002
"1233","2011-11-21",52.869999
"1234","2011-11-22",53.220001
"1235","2011-11-23",52.599998
"1236","2011-11-25",52.25
"1237","2011-11-28",54.41
"1238","2011-11-29",54.07
"1239","2011-11-30",57.830002
"1240","2011-12-01",56.93
"1241","2011-12-02",57.18
"1242","2011-12-05",57.75
"1243","2011-12-06",57.189999
"1244","2011-12-07",57
"1245","2011-12-08",54.880001
"1246","2011-12-09",57.139999
"1247","2011-12-12",56.59
"1248","2011-12-13",57.43
"1249","2011-12-14",55.41
"1250","2011-12-15",56.080002
"1251","2011-12-16",55.400002
"1252","2011-12-19",54.639999
"1253","2011-12-20",55.619999
"1254","2011-12-21",56.880001
"1255","2011-12-22",57.509998
"1256","2011-12-23",57.799999
"1257","2011-12-27",57.860001
"1258","2011-12-28",56.860001
"1259","2011-12-29",57.689999
"1260","2011-12-30",56.740002
"1261","2012-01-03",57.939999
"1262","2012-01-04",59.73
"1263","2012-01-05",60.060001
"1264","2012-01-06",60.82
"1265","2012-01-09",60.349998
"1266","2012-01-10",61.080002
"1267","2012-01-11",61.330002
"1268","2012-01-12",61.849998
"1269","2012-01-13",61.880001
"1270","2012-01-17",60.790001
"1271","2012-01-18",61.049999
"1272","2012-01-19",61.18
"1273","2012-01-20",60.939999
"1274","2012-01-23",60.970001
"1275","2012-01-24",60.93
"1276","2012-01-25",60.48
"1277","2012-01-26",60.240002
"1278","2012-01-27",60.5
"1279","2012-01-30",59.849998
"1280","2012-01-31",60.380001
"1281","2012-02-01",61.490002
"1282","2012-02-02",61.41
"1283","2012-02-03",62.48
"1284","2012-02-06",62.189999
"1285","2012-02-07",61.830002
"1286","2012-02-08",62.310001
"1287","2012-02-09",62.240002
"1288","2012-02-10",61.610001
"1289","2012-02-13",62.200001
"1290","2012-02-14",61.419998
"1291","2012-02-15",61.220001
"1292","2012-02-16",61.23
"1293","2012-02-17",61.549999
"1294","2012-02-21",61.560001
"1295","2012-02-22",61.07
"1296","2012-02-23",61.080002
"1297","2012-02-24",61.09
"1298","2012-02-27",60.959999
"1299","2012-02-28",60.52
"1300","2012-02-29",60.080002
"1301","2012-03-01",59.939999
"1302","2012-03-02",58.880001
"1303","2012-03-05",58.950001
"1304","2012-03-06",58.360001
"1305","2012-03-07",58.5
"1306","2012-03-08",58.959999
"1307","2012-03-09",59.470001
"1308","2012-03-12",60.16
"1309","2012-03-13",61.34
"1310","2012-03-14",60.18
"1311","2012-03-15",60.279999
"1312","2012-03-16",59.669998
"1313","2012-03-19",60.040001
"1314","2012-03-20",59.669998
"1315","2012-03-21",59.630001
"1316","2012-03-22",59.599998
"1317","2012-03-23",60.029999
"1318","2012-03-26",60.619999
"1319","2012-03-27",60.279999
"1320","2012-03-28",61.919998
"1321","2012-03-29",61.689999
"1322","2012-03-30",61.549999
"1323","2012-04-02",61.849998
"1324","2012-04-03",61.66
"1325","2012-04-04",61.889999
"1326","2012-04-05",61.790001
"1327","2012-04-09",60.279999
"1328","2012-04-10",59.549999
"1329","2012-04-11",60.189999
"1330","2012-04-12",60.759998
"1331","2012-04-13",60.09
"1332","2012-04-16",60.209999
"1333","2012-04-17",60.990002
"1334","2012-04-18",60.110001
"1335","2012-04-19",59.610001
"1336","2012-04-20",59.689999
"1337","2012-04-23",59.040001
"1338","2012-04-24",59.57
"1339","2012-04-25",60.099998
"1340","2012-04-26",60.759998
"1341","2012-04-27",61.75
"1342","2012-04-30",60.759998
"1343","2012-05-01",59.689999
"1344","2012-05-02",60.389999
"1345","2012-05-03",59.59
"1346","2012-05-04",59.040001
"1347","2012-05-07",59.110001
"1348","2012-05-08",59.310001
"1349","2012-05-09",58.740002
"1350","2012-05-10",58.740002
"1351","2012-05-11",58.5
"1352","2012-05-14",57.869999
"1353","2012-05-15",58.150002
"1354","2012-05-16",57.810001
"1355","2012-05-17",57.27
"1356","2012-05-18",57.040001
"1357","2012-05-21",58.259998
"1358","2012-05-22",57.369999
"1359","2012-05-23",57.970001
"1360","2012-05-24",57.950001
"1361","2012-05-25",57.599998
"1362","2012-05-29",58.040001
"1363","2012-05-30",57.27
"1364","2012-05-31",57.220001
"1365","2012-06-01",56.240002
"1366","2012-06-04",56.939999
"1367","2012-06-05",56.66
"1368","2012-06-06",57.939999
"1369","2012-06-07",57.639999
"1370","2012-06-08",57.790001
"1371","2012-06-11",56.669998
"1372","2012-06-12",56.82
"1373","2012-06-13",56.369999
"1374","2012-06-14",57.59
"1375","2012-06-15",58.080002
"1376","2012-06-18",58
"1377","2012-06-19",58.52
"1378","2012-06-20",58.57
"1379","2012-06-21",57.080002
"1380","2012-06-22",57.52
"1381","2012-06-25",57.200001
"1382","2012-06-26",57.400002
"1383","2012-06-27",62.990002
"1384","2012-06-28",62.66
"1385","2012-06-29",63.75
"1386","2012-07-02",65.879997
"1387","2012-07-03",66.919998
"1388","2012-07-05",66.980003
"1389","2012-07-06",67.099998
"1390","2012-07-09",67.050003
"1391","2012-07-10",66.910004
"1392","2012-07-11",67.300003
"1393","2012-07-12",66.190002
"1394","2012-07-13",68.68
"1395","2012-07-16",68.389999
"1396","2012-07-17",64.669998
"1397","2012-07-18",65.239998
"1398","2012-07-19",64.199997
"1399","2012-07-20",62.939999
"1400","2012-07-23",61.810001
"1401","2012-07-24",61.619999
"1402","2012-07-25",61.98
"1403","2012-07-26",62.16
"1404","2012-07-27",62.84
"1405","2012-07-30",62.220001
"1406","2012-07-31",62.619999
"1407","2012-08-01",62.200001
"1408","2012-08-02",62.610001
"1409","2012-08-03",64.629997
"1410","2012-08-06",64.129997
"1411","2012-08-07",64.870003
"1412","2012-08-08",65.209999
"1413","2012-08-09",65.519997
"1414","2012-08-10",65.769997
"1415","2012-08-13",65.279999
"1416","2012-08-14",65.980003
"1417","2012-08-15",66.489998
"1418","2012-08-16",67.190002
"1419","2012-08-17",67.989998
"1420","2012-08-20",66.940002
"1421","2012-08-21",66.589996
"1422","2012-08-22",65.690002
"1423","2012-08-23",64.989998
"1424","2012-08-24",65.199997
"1425","2012-08-27",64.580002
"1426","2012-08-28",64.389999
"1427","2012-08-29",64.599998
"1428","2012-08-30",63.740002
"1429","2012-08-31",63.509998
"1430","2012-09-04",63.669998
"1431","2012-09-05",63.82
"1432","2012-09-06",65.889999
"1433","2012-09-07",66.120003
"1434","2012-09-10",66.050003
"1435","2012-09-11",66.790001
"1436","2012-09-12",67.010002
"1437","2012-09-13",68.160004
"1438","2012-09-14",68.300003
"1439","2012-09-17",67.720001
"1440","2012-09-18",67.730003
"1441","2012-09-19",67.940002
"1442","2012-09-20",67.43
"1443","2012-09-21",67.239998
"1444","2012-09-24",67.43
"1445","2012-09-25",67.269997
"1446","2012-09-26",67.360001
"1447","2012-09-27",67.580002
"1448","2012-09-28",66.790001
"1449","2012-10-01",67.959999
"1450","2012-10-02",68.160004
"1451","2012-10-03",67.330002
"1452","2012-10-04",67.779999
"1453","2012-10-05",67.809998
"1454","2012-10-08",67.889999
"1455","2012-10-09",67.160004
"1456","2012-10-10",66.480003
"1457","2012-10-11",67.099998
"1458","2012-10-12",66.5
"1459","2012-10-15",66.599998
"1460","2012-10-16",67.410004
"1461","2012-10-17",69.779999
"1462","2012-10-18",69.529999
"1463","2012-10-19",68.660004
"1464","2012-10-22",69.050003
"1465","2012-10-23",68.519997
"1466","2012-10-24",68.410004
"1467","2012-10-25",68.68
"1468","2012-10-26",68.699997
"1469","2012-10-31",69.57
"1470","2012-11-01",70.690002
"1471","2012-11-02",69.910004
"1472","2012-11-05",70.040001
"1473","2012-11-06",71.519997
"1474","2012-11-07",70.150002
"1475","2012-11-08",70.260002
"1476","2012-11-09",70.269997
"1477","2012-11-12",70.220001
"1478","2012-11-13",70.169998
"1479","2012-11-14",69.620003
"1480","2012-11-15",69.839996
"1481","2012-11-16",69.82
"1482","2012-11-19",70.199997
"1483","2012-11-20",70.440002
"1484","2012-11-21",70.470001
"1485","2012-11-23",70.470001
"1486","2012-11-26",70.849998
"1487","2012-11-27",70.459999
"1488","2012-11-28",70.269997
"1489","2012-11-29",70.529999
"1490","2012-11-30",70.57
"1491","2012-12-03",70.800003
"1492","2012-12-04",72.400002
"1493","2012-12-05",72.75
"1494","2012-12-06",73.220001
"1495","2012-12-07",71.059998
"1496","2012-12-10",71.290001
"1497","2012-12-11",72.669998
"1498","2012-12-12",71.709999
"1499","2012-12-13",71.269997
"1500","2012-12-14",71.059998
"1501","2012-12-17",73.230003
"1502","2012-12-18",73.900002
"1503","2012-12-19",73.830002
"1504","2012-12-20",74.519997
"1505","2012-12-21",74.059998
"1506","2012-12-24",73.959999
"1507","2012-12-26",73.040001
"1508","2012-12-27",72.940002
"1509","2012-12-28",72.720001
"1510","2012-12-31",73.32
"1511","2013-01-02",75.699997
"1512","2013-01-03",81.870003
"1513","2013-01-04",82.07
"1514","2013-01-07",82.139999
"1515","2013-01-08",81.720001
"1516","2013-01-09",81.349998
"1517","2013-01-10",81.360001
"1518","2013-01-11",81.830002
"1519","2013-01-14",81.440002
"1520","2013-01-15",81.589996
"1521","2013-01-16",80.790001
"1522","2013-01-17",81.239998
"1523","2013-01-18",81.709999
"1524","2013-01-22",82.260002
"1525","2013-01-23",81.190002
"1526","2013-01-24",80.739998
"1527","2013-01-25",80.800003
"1528","2013-01-28",81.900002
"1529","2013-01-29",82.220001
"1530","2013-01-30",82.139999
"1531","2013-01-31",81.739998
"1532","2013-02-01",82.010002
"1533","2013-02-04",82.190002
"1534","2013-02-05",83.370003
"1535","2013-02-06",83.459999
"1536","2013-02-07",84.470001
"1537","2013-02-08",84.75
"1538","2013-02-11",84.190002
"1539","2013-02-12",84.220001
"1540","2013-02-13",84.610001
"1541","2013-02-14",84.550003
"1542","2013-02-15",84.18
"1543","2013-02-19",85.199997
"1544","2013-02-20",84.040001
"1545","2013-02-21",83.989998
"1546","2013-02-22",84.480003
"1547","2013-02-25",82.82
"1548","2013-02-26",83.080002
"1549","2013-02-27",83.419998
"1550","2013-02-28",83.540001
"1551","2013-03-01",84.410004
"1552","2013-03-04",84.300003
"1553","2013-03-05",84.389999
"1554","2013-03-06",84.720001
"1555","2013-03-07",85.559998
"1556","2013-03-08",85.290001
"1557","2013-03-11",85.870003
"1558","2013-03-12",85.449997
"1559","2013-03-13",86.129997
"1560","2013-03-14",87
"1561","2013-03-15",87
"1562","2013-03-18",87.370003
"1563","2013-03-19",88
"1564","2013-03-20",87.949997
"1565","2013-03-21",87.57
"1566","2013-03-22",89.010002
"1567","2013-03-25",88.089996
"1568","2013-03-26",88.57
"1569","2013-03-27",89.82
"1570","2013-03-28",90.5
"1571","2013-04-01",90.349998
"1572","2013-04-02",90.980003
"1573","2013-04-03",90.18
"1574","2013-04-04",90.279999
"1575","2013-04-05",88.980003
"1576","2013-04-08",89.879997
"1577","2013-04-09",89.599998
"1578","2013-04-10",91.050003
"1579","2013-04-11",92.260002
"1580","2013-04-12",92.209999
"1581","2013-04-15",90
"1582","2013-04-16",92.349998
"1583","2013-04-17",90.68
"1584","2013-04-18",89.370003
"1585","2013-04-19",90.360001
"1586","2013-04-22",89.75
"1587","2013-04-23",90.639999
"1588","2013-04-24",90.300003
"1589","2013-04-25",91.18
"1590","2013-04-26",90.93
"1591","2013-04-29",90.940002
"1592","2013-04-30",91.050003
"1593","2013-05-01",88.849998
"1594","2013-05-02",89.57
"1595","2013-05-03",90.919998
"1596","2013-05-06",91.290001
"1597","2013-05-07",92.269997
"1598","2013-05-08",93.449997
"1599","2013-05-09",93.160004
"1600","2013-05-10",93.040001
"1601","2013-05-13",92.57
"1602","2013-05-14",94.309998
"1603","2013-05-15",94.959999
"1604","2013-05-16",94.769997
"1605","2013-05-17",96.5
"1606","2013-05-20",96.480003
"1607","2013-05-21",96.57
"1608","2013-05-22",95.239998
"1609","2013-05-23",95.150002
"1610","2013-05-24",95.620003
"1611","2013-05-28",99.580002
"1612","2013-05-29",96.410004
"1613","2013-05-30",96.290001
"1614","2013-05-31",94.900002
"1615","2013-06-03",94.989998
"1616","2013-06-04",94.879997
"1617","2013-06-05",93.760002
"1618","2013-06-06",95.099998
"1619","2013-06-07",96.5
"1620","2013-06-10",96.400002
"1621","2013-06-11",95.400002
"1622","2013-06-12",94.540001
"1623","2013-06-13",96.370003
"1624","2013-06-14",95.150002
"1625","2013-06-17",96.709999
"1626","2013-06-18",96.5
"1627","2013-06-19",97
"1628","2013-06-20",94.699997
"1629","2013-06-21",95.300003
"1630","2013-06-24",94.169998
"1631","2013-06-25",95.650002
"1632","2013-06-26",90.220001
"1633","2013-06-27",92.139999
"1634","2013-06-28",91.25
"1635","2013-07-01",92.230003
"1636","2013-07-02",92.769997
"1637","2013-07-03",92.550003
"1638","2013-07-05",95.339996
"1639","2013-07-08",93.029999
"1640","2013-07-09",94.540001
"1641","2013-07-10",95.279999
"1642","2013-07-11",96.410004
"1643","2013-07-12",96.120003
"1644","2013-07-15",96.639999
"1645","2013-07-16",97.150002
"1646","2013-07-17",97.669998
"1647","2013-07-18",99.629997
"1648","2013-07-19",100.129997
"1649","2013-07-22",101.220001
"1650","2013-07-23",100.599998
"1651","2013-07-24",100.519997
"1652","2013-07-25",100.699997
"1653","2013-07-26",100.330002
"1654","2013-07-29",98.339996
"1655","2013-07-30",98.68
"1656","2013-07-31",98.019997
"1657","2013-08-01",99.93
"1658","2013-08-02",100.389999
"1659","2013-08-05",101.629997
"1660","2013-08-06",100.57
"1661","2013-08-07",100.580002
"1662","2013-08-08",102.830002
"1663","2013-08-09",102.050003
"1664","2013-08-12",102.029999
"1665","2013-08-13",101.349998
"1666","2013-08-14",99.699997
"1667","2013-08-15",97.389999
"1668","2013-08-16",97.480003
"1669","2013-08-19",97.879997
"1670","2013-08-20",99.709999
"1671","2013-08-21",98.989998
"1672","2013-08-22",100.139999
"1673","2013-08-23",99.790001
"1674","2013-08-26",99.349998
"1675","2013-08-27",96.959999
"1676","2013-08-28",97.099998
"1677","2013-08-29",97.639999
"1678","2013-08-30",95.879997
"1679","2013-09-03",96.489998
"1680","2013-09-04",96.349998
"1681","2013-09-05",96.769997
"1682","2013-09-06",96.019997
"1683","2013-09-09",97.599998
"1684","2013-09-10",98.089996
"1685","2013-09-11",98.650002
"1686","2013-09-12",98.269997
"1687","2013-09-13",98.800003
"1688","2013-09-16",99.330002
"1689","2013-09-17",99.339996
"1690","2013-09-18",100.370003
"1691","2013-09-19",99.970001
"1692","2013-09-20",101.669998
"1693","2013-09-23",102.449997
"1694","2013-09-24",102.459999
"1695","2013-09-25",101.800003
"1696","2013-09-26",102.800003
"1697","2013-09-27",103.129997
"1698","2013-09-30",104.419998
"1699","2013-10-01",103.209999
"1700","2013-10-02",103.75
"1701","2013-10-03",100.5
"1702","2013-10-04",100.639999
"1703","2013-10-07",99.550003
"1704","2013-10-08",97.849998
"1705","2013-10-09",97.639999
"1706","2013-10-10",100.639999
"1707","2013-10-11",103.349998
"1708","2013-10-14",103.339996
"1709","2013-10-15",101.959999
"1710","2013-10-16",102.720001
"1711","2013-10-17",102.75
"1712","2013-10-18",104.900002
"1713","2013-10-21",104.790001
"1714","2013-10-22",104.510002
"1715","2013-10-23",101.230003
"1716","2013-10-24",101.239998
"1717","2013-10-25",101.139999
"1718","2013-10-28",102.900002
"1719","2013-10-29",103.660004
"1720","2013-10-30",102.800003
"1721","2013-10-31",102.82
"1722","2013-11-01",102.080002
"1723","2013-11-04",102.5
"1724","2013-11-05",102.220001
"1725","2013-11-06",102.139999
"1726","2013-11-07",100.330002
"1727","2013-11-08",101.550003
"1728","2013-11-11",100.620003
"1729","2013-11-12",99.699997
"1730","2013-11-13",100
"1731","2013-11-14",100
"1732","2013-11-15",100.370003
"1733","2013-11-18",99.980003
"1734","2013-11-19",99.339996
"1735","2013-11-20",99.330002
"1736","2013-11-21",99.25
"1737","2013-11-22",98.449997
"1738","2013-11-25",98.410004
"1739","2013-11-26",99.870003
"1740","2013-11-27",101.510002
"1741","2013-11-29",102.239998
"1742","2013-12-02",100.290001
"1743","2013-12-03",100.209999
"1744","2013-12-04",99.949997
"1745","2013-12-05",100.080002
"1746","2013-12-06",101.400002
"1747","2013-12-09",101.269997
"1748","2013-12-10",99.139999
"1749","2013-12-11",98.919998
"1750","2013-12-12",101
"1751","2013-12-13",101.919998
"1752","2013-12-16",103.470001
"1753","2013-12-17",103.5
"1754","2013-12-18",104.800003
"1755","2013-12-19",103.379997
"1756","2013-12-20",105.040001
"1757","2013-12-23",105.790001
"1758","2013-12-24",105.620003
"1759","2013-12-26",106.989998
"1760","2013-12-27",106.589996
"1761","2013-12-30",106.75
"1762","2013-12-31",107
"1763","2014-01-02",106.120003
"1764","2014-01-03",105.220001
"1765","2014-01-06",103.110001
"1766","2014-01-07",105.010002
"1767","2014-01-08",110.519997
"1768","2014-01-09",108.870003
"1769","2014-01-10",109
"1770","2014-01-13",106.900002
"1771","2014-01-14",109.199997
"1772","2014-01-15",111.18
"1773","2014-01-16",111.699997
"1774","2014-01-17",111.68
"1775","2014-01-21",112.040001
"1776","2014-01-22",112.709999
"1777","2014-01-23",111.470001
"1778","2014-01-24",110.139999
"1779","2014-01-27",108.230003
"1780","2014-01-28",107.889999
"1781","2014-01-29",106.419998
"1782","2014-01-30",107.660004
"1783","2014-01-31",105.800003
"1784","2014-02-03",102.330002
"1785","2014-02-04",103.510002
"1786","2014-02-05",102.580002
"1787","2014-02-06",103.029999
"1788","2014-02-07",105.550003
"1789","2014-02-10",103.839996
"1790","2014-02-11",105.040001
"1791","2014-02-12",105.07
"1792","2014-02-13",105.849998
"1793","2014-02-14",105.879997
"1794","2014-02-18",105.540001
"1795","2014-02-19",104.480003
"1796","2014-02-20",108.050003
"1797","2014-02-21",116
"1798","2014-02-24",108.099998
"1799","2014-02-25",108.470001
"1800","2014-02-26",109.220001
"1801","2014-02-27",109.839996
"1802","2014-02-28",109.690002
"1803","2014-03-03",108.830002
"1804","2014-03-04",111.660004
"1805","2014-03-05",111.43
"1806","2014-03-06",111.910004
"1807","2014-03-07",112.550003
"1808","2014-03-10",112.449997
"1809","2014-03-11",110.779999
"1810","2014-03-12",109.510002
"1811","2014-03-13",110.010002
"1812","2014-03-14",110.129997
"1813","2014-03-17",110.339996
"1814","2014-03-18",110.580002
"1815","2014-03-19",110.669998
"1816","2014-03-20",110.879997
"1817","2014-03-21",110.610001
"1818","2014-03-24",110.279999
"1819","2014-03-25",110.25
"1820","2014-03-26",107.18
"1821","2014-03-27",107.07
"1822","2014-03-28",107.379997
"1823","2014-03-31",109.940002
"1824","2014-04-01",112.709999
"1825","2014-04-02",101.949997
"1826","2014-04-03",101.150002
"1827","2014-04-04",98.129997
"1828","2014-04-07",96.169998
"1829","2014-04-08",97.489998
"1830","2014-04-09",98.589996
"1831","2014-04-10",95.32
"1832","2014-04-11",93.470001
"1833","2014-04-14",93.849998
"1834","2014-04-15",93.400002
"1835","2014-04-16",94.220001
"1836","2014-04-17",94.860001
"1837","2014-04-21",95.470001
"1838","2014-04-22",95.5
"1839","2014-04-23",95.449997
"1840","2014-04-24",95.940002
"1841","2014-04-25",95.690002
"1842","2014-04-28",95.419998
"1843","2014-04-29",96.32
"1844","2014-04-30",96.239998
"1845","2014-05-01",95.760002
"1846","2014-05-02",95.830002
"1847","2014-05-05",95.150002
"1848","2014-05-06",94.879997
"1849","2014-05-07",95.589996
"1850","2014-05-08",94.220001
"1851","2014-05-09",94.940002
"1852","2014-05-12",95.699997
"1853","2014-05-13",95.279999
"1854","2014-05-14",94.57
"1855","2014-05-15",94.400002
"1856","2014-05-16",95.110001
"1857","2014-05-19",96.550003
"1858","2014-05-20",96.449997
"1859","2014-05-21",97.059998
"1860","2014-05-22",98.139999
"1861","2014-05-23",99.150002
"1862","2014-05-27",100.779999
"1863","2014-05-28",99.389999
"1864","2014-05-29",99.529999
"1865","2014-05-30",98.949997
"1866","2014-06-02",98.610001
"1867","2014-06-03",98.480003
"1868","2014-06-04",98.730003
"1869","2014-06-05",101.139999
"1870","2014-06-06",102.32
"1871","2014-06-09",102.900002
"1872","2014-06-10",103.199997
"1873","2014-06-11",102.5
"1874","2014-06-12",102.589996
"1875","2014-06-13",102.379997
"1876","2014-06-16",101.800003
"1877","2014-06-17",102.300003
"1878","2014-06-18",102.370003
"1879","2014-06-19",102.150002
"1880","2014-06-20",103.57
"1881","2014-06-23",102.480003
"1882","2014-06-24",103.309998
"1883","2014-06-25",103.800003
"1884","2014-06-26",103.419998
"1885","2014-06-27",105.519997
"1886","2014-06-30",106
"1887","2014-07-01",106.849998
"1888","2014-07-02",107.610001
"1889","2014-07-03",108.970001
"1890","2014-07-07",105.580002
"1891","2014-07-08",105.139999
"1892","2014-07-09",104.589996
"1893","2014-07-10",103.050003
"1894","2014-07-11",102.419998
"1895","2014-07-14",102.949997
"1896","2014-07-15",101.790001
"1897","2014-07-16",102.830002
"1898","2014-07-17",100.57
"1899","2014-07-18",101.839996
"1900","2014-07-21",100.360001
"1901","2014-07-22",101.040001
"1902","2014-07-23",101.110001
"1903","2014-07-24",100.860001
"1904","2014-07-25",99.25
"1905","2014-07-28",98.870003
"1906","2014-07-29",98.459999
"1907","2014-07-30",98.709999
"1908","2014-07-31",97.209999
"1909","2014-08-01",97.360001
"1910","2014-08-04",96.860001
"1911","2014-08-05",97.449997
"1912","2014-08-06",98.559998
"1913","2014-08-07",97.43
"1914","2014-08-08",97.059998
"1915","2014-08-11",99.239998
"1916","2014-08-12",97.82
"1917","2014-08-13",98.599998
"1918","2014-08-14",98.620003
"1919","2014-08-15",98.650002
"1920","2014-08-18",100.510002
"1921","2014-08-19",100.410004
"1922","2014-08-20",99.32
"1923","2014-08-21",99.989998
"1924","2014-08-22",98.43
"1925","2014-08-25",98.160004
"1926","2014-08-26",98.370003
"1927","2014-08-27",97.610001
"1928","2014-08-28",97.209999
"1929","2014-08-29",96.949997
"1930","2014-09-02",97.739998
"1931","2014-09-03",96.110001
"1932","2014-09-04",96.309998
"1933","2014-09-05",98.389999
"1934","2014-09-08",97.849998
"1935","2014-09-09",96.370003
"1936","2014-09-10",96.540001
"1937","2014-09-11",97.82
"1938","2014-09-12",97.019997
"1939","2014-09-15",97.580002
"1940","2014-09-16",99
"1941","2014-09-17",100.199997
"1942","2014-09-18",101.449997
"1943","2014-09-19",99.779999
"1944","2014-09-22",98.949997
"1945","2014-09-23",97.120003
"1946","2014-09-24",98.040001
"1947","2014-09-25",96.599998
"1948","2014-09-26",96.82
"1949","2014-09-29",96.919998
"1950","2014-09-30",96.589996
"1951","2014-10-01",95.269997
"1952","2014-10-02",95.629997
"1953","2014-10-03",96.910004
"1954","2014-10-06",96.029999
"1955","2014-10-07",95.43
"1956","2014-10-08",97.650002
"1957","2014-10-09",95.010002
"1958","2014-10-10",95.370003
"1959","2014-10-13",95.639999
"1960","2014-10-14",95.989998
"1961","2014-10-15",95.949997
"1962","2014-10-16",97.790001
"1963","2014-10-17",98.480003
"1964","2014-10-20",98.800003
"1965","2014-10-21",101.540001
"1966","2014-10-22",102.209999
"1967","2014-10-23",106.160004
"1968","2014-10-24",107.849998
"1969","2014-10-27",106.989998
"1970","2014-10-28",110.589996
"1971","2014-10-29",108.529999
"1972","2014-10-30",109.129997
"1973","2014-10-31",111.559998
"1974","2014-11-03",110.449997
"1975","2014-11-04",110.779999
"1976","2014-11-05",112.110001
"1977","2014-11-06",112.040001
"1978","2014-11-07",112.010002
"1979","2014-11-10",112.589996
"1980","2014-11-11",112.290001
"1981","2014-11-12",113.559998
"1982","2014-11-13",112.949997
"1983","2014-11-14",112.419998
"1984","2014-11-17",111.610001
"1985","2014-11-18",112.589996
"1986","2014-11-19",111.620003
"1987","2014-11-20",113.370003
"1988","2014-11-21",113.199997
"1989","2014-11-24",113.639999
"1990","2014-11-25",112.849998
"1991","2014-11-26",112.410004
"1992","2014-11-28",111.589996
"1993","2014-12-01",108.309998
"1994","2014-12-02",110.550003
"1995","2014-12-03",111.650002
"1996","2014-12-04",110.220001
"1997","2014-12-05",111.779999
"1998","2014-12-08",111.779999
"1999","2014-12-09",113.230003
"2000","2014-12-10",110.410004
"2001","2014-12-11",112.510002
"2002","2014-12-12",110.290001
"2003","2014-12-15",110.589996
"2004","2014-12-16",109.440002
"2005","2014-12-17",111.870003
"2006","2014-12-18",114.099998
"2007","2014-12-19",117.260002
"2008","2014-12-22",118.709999
"2009","2014-12-23",121.129997
"2010","2014-12-24",121.75
"2011","2014-12-26",123.089996
"2012","2014-12-29",123.400002
"2013","2014-12-30",122.889999
"2014","2014-12-31",121.449997
"2015","2015-01-02",120.150002
"2016","2015-01-05",117.730003
"2017","2015-01-06",116.360001
"2018","2015-01-07",113.610001
"2019","2015-01-08",115.5
"2020","2015-01-09",114.220001
"2021","2015-01-12",115.029999
"2022","2015-01-13",116.230003
"2023","2015-01-14",116.169998
"2024","2015-01-15",117.18
"2025","2015-01-16",118.760002
"2026","2015-01-20",118.139999
"2027","2015-01-21",115.68
"2028","2015-01-22",117.769997
"2029","2015-01-23",117.339996
"2030","2015-01-26",118
"2031","2015-01-27",117.730003
"2032","2015-01-28",116.900002
"2033","2015-01-29",119.18
"2034","2015-01-30",116.129997
"2035","2015-02-02",118.230003
"2036","2015-02-03",120.760002
"2037","2015-02-04",119.260002
"2038","2015-02-05",120.849998
"2039","2015-02-06",120.349998
"2040","2015-02-09",119.160004
"2041","2015-02-10",120.169998
"2042","2015-02-11",120.209999
"2043","2015-02-12",122.32
"2044","2015-02-13",121.82
"2045","2015-02-17",120.889999
"2046","2015-02-18",121.699997
"2047","2015-02-19",120.559998
"2048","2015-02-20",120.540001
"2049","2015-02-23",120
"2050","2015-02-24",120.410004
"2051","2015-02-25",120.220001
"2052","2015-02-26",120.690002
"2053","2015-02-27",118.830002
"2054","2015-03-02",120.410004
"2055","2015-03-03",118.769997
"2056","2015-03-04",118.330002
"2057","2015-03-05",116.120003
"2058","2015-03-06",114.5
"2059","2015-03-09",115.989998
"2060","2015-03-10",113.650002
"2061","2015-03-11",115.029999
"2062","2015-03-12",118.690002
"2063","2015-03-13",116.93
"2064","2015-03-16",118.07
"2065","2015-03-17",117.419998
"2066","2015-03-18",117.089996
"2067","2015-03-19",116.889999
"2068","2015-03-20",118.32
"2069","2015-03-23",118.370003
"2070","2015-03-24",118.860001
"2071","2015-03-25",115.519997
"2072","2015-03-26",116.199997
"2073","2015-03-27",117.639999
"2074","2015-03-30",118.300003
"2075","2015-03-31",117.690002
"2076","2015-04-01",118.75
"2077","2015-04-02",122.18
"2078","2015-04-06",121.040001
"2079","2015-04-07",120.489998
"2080","2015-04-08",121.269997
"2081","2015-04-09",121.199997
"2082","2015-04-10",121.690002
"2083","2015-04-13",121.139999
"2084","2015-04-14",121.940002
"2085","2015-04-15",120.75
"2086","2015-04-16",122.220001
"2087","2015-04-17",120.209999
"2088","2015-04-20",122.160004
"2089","2015-04-21",120.690002
"2090","2015-04-22",119.620003
"2091","2015-04-23",119.339996
"2092","2015-04-24",117.959999
"2093","2015-04-27",117.089996
"2094","2015-04-28",116.370003
"2095","2015-04-29",114.980003
"2096","2015-04-30",113.230003
"2097","2015-05-01",115.239998
"2098","2015-05-04",115.910004
"2099","2015-05-05",114.580002
"2100","2015-05-06",114.230003
"2101","2015-05-07",114.220001
"2102","2015-05-08",114.940002
"2103","2015-05-11",115.129997
"2104","2015-05-12",113.860001
"2105","2015-05-13",113.720001
"2106","2015-05-14",115
"2107","2015-05-15",114.099998
"2108","2015-05-18",115.349998
"2109","2015-05-19",114.400002
"2110","2015-05-20",114.370003
"2111","2015-05-21",114.220001
"2112","2015-05-22",113.080002
"2113","2015-05-26",112.610001
"2114","2015-05-27",115.370003
"2115","2015-05-28",115.529999
"2116","2015-05-29",114.309998
"2117","2015-06-01",114.459999
"2118","2015-06-02",114.370003
"2119","2015-06-03",115.139999
"2120","2015-06-04",113.760002
"2121","2015-06-05",114.160004
"2122","2015-06-08",115.139999
"2123","2015-06-09",115.68
"2124","2015-06-10",117.139999
"2125","2015-06-11",116.790001
"2126","2015-06-12",115.510002
"2127","2015-06-15",113.279999
"2128","2015-06-16",113.699997
"2129","2015-06-17",113.309998
"2130","2015-06-18",115.309998
"2131","2015-06-19",115.68
"2132","2015-06-22",114.970001
"2133","2015-06-23",116.010002
"2134","2015-06-24",114.93
"2135","2015-06-25",115.120003
"2136","2015-06-26",114.360001
"2137","2015-06-29",111.389999
"2138","2015-06-30",111.849998
"2139","2015-07-01",117.389999
"2140","2015-07-02",117.099998
"2141","2015-07-06",116.440002
"2142","2015-07-07",116
"2143","2015-07-08",114.739998
"2144","2015-07-09",114.040001
"2145","2015-07-10",115.580002
"2146","2015-07-13",115.580002
"2147","2015-07-14",115.419998
"2148","2015-07-15",114.620003
"2149","2015-07-16",117.300003
"2150","2015-07-17",115.300003
"2151","2015-07-20",114.559998
"2152","2015-07-21",112.870003
"2153","2015-07-22",113.32
"2154","2015-07-23",111.580002
"2155","2015-07-24",110.040001
"2156","2015-07-27",109.589996
"2157","2015-07-28",110.370003
"2158","2015-07-29",110.480003
"2159","2015-07-30",111.089996
"2160","2015-07-31",110.82
"2161","2015-08-03",110.639999
"2162","2015-08-04",111.720001
"2163","2015-08-05",113.879997
"2164","2015-08-06",113.349998
"2165","2015-08-07",113.620003
"2166","2015-08-10",115.099998
"2167","2015-08-11",113.860001
"2168","2015-08-12",113.790001
"2169","2015-08-13",114.139999
"2170","2015-08-14",115.18
"2171","2015-08-17",116.279999
"2172","2015-08-18",115.800003
"2173","2015-08-19",114.599998
"2174","2015-08-20",112.82
"2175","2015-08-21",110.720001
"2176","2015-08-24",107.389999
"2177","2015-08-25",105.720001
"2178","2015-08-26",107.410004
"2179","2015-08-27",108.669998
"2180","2015-08-28",108.139999
"2181","2015-08-31",108.410004
"2182","2015-09-01",107.230003
"2183","2015-09-02",109.940002
"2184","2015-09-03",109.629997
"2185","2015-09-04",108.440002
"2186","2015-09-08",110.68
"2187","2015-09-09",109.540001
"2188","2015-09-10",108.849998
"2189","2015-09-11",109.269997
"2190","2015-09-14",108.760002
"2191","2015-09-15",110
"2192","2015-09-16",109.400002
"2193","2015-09-17",110.330002
"2194","2015-09-18",108.050003
"2195","2015-09-21",108.830002
"2196","2015-09-22",107.150002
"2197","2015-09-23",106.959999
"2198","2015-09-24",106.599998
"2199","2015-09-25",106.839996
"2200","2015-09-28",105.110001
"2201","2015-09-29",105.160004
"2202","2015-09-30",106.809998
"2203","2015-10-01",106.529999
"2204","2015-10-02",105.379997
"2205","2015-10-05",108.82
"2206","2015-10-06",107.010002
"2207","2015-10-07",109.519997
"2208","2015-10-08",110.800003
"2209","2015-10-09",110.209999
"2210","2015-10-12",112.220001
"2211","2015-10-13",111.050003
"2212","2015-10-14",109.940002
"2213","2015-10-15",111.610001
"2214","2015-10-16",110.370003
"2215","2015-10-19",110.650002
"2216","2015-10-20",110.760002
"2217","2015-10-21",104.080002
"2218","2015-10-22",105.150002
"2219","2015-10-23",105.760002
"2220","2015-10-26",104.669998
"2221","2015-10-27",103.779999
"2222","2015-10-28",107.139999
"2223","2015-10-29",105.809998
"2224","2015-10-30",105.07
"2225","2015-11-02",106.830002
"2226","2015-11-03",107.160004
"2227","2015-11-04",106.199997
"2228","2015-11-05",105.230003
"2229","2015-11-06",107.25
"2230","2015-11-09",107.010002
"2231","2015-11-10",106.279999
"2232","2015-11-11",107.010002
"2233","2015-11-12",106.269997
"2234","2015-11-13",105.019997
"2235","2015-11-16",105.389999
"2236","2015-11-17",105.389999
"2237","2015-11-18",106.480003
"2238","2015-11-19",106.160004
"2239","2015-11-20",106.480003
"2240","2015-11-23",107.5
"2241","2015-11-24",108.110001
"2242","2015-11-25",108.5
"2243","2015-11-27",108.739998
"2244","2015-11-30",108.580002
"2245","2015-12-01",110.550003
"2246","2015-12-02",110.209999
"2247","2015-12-03",106.360001
"2248","2015-12-04",108.330002
"2249","2015-12-07",107.769997
"2250","2015-12-08",106.300003
"2251","2015-12-09",105.269997
"2252","2015-12-10",104.809998
"2253","2015-12-11",101.599998
"2254","2015-12-14",102.080002
"2255","2015-12-15",104.360001
"2256","2015-12-16",108.290001
"2257","2015-12-17",106.900002
"2258","2015-12-18",104.349998
"2259","2015-12-21",103
"2260","2015-12-22",104.400002
"2261","2015-12-23",104.559998
"2262","2015-12-24",104.709999
"2263","2015-12-28",105.599998
"2264","2015-12-29",106.919998
"2265","2015-12-30",105.940002
"2266","2015-12-31",104.199997
"2267","2016-01-04",100.519997
"2268","2016-01-05",101.650002
"2269","2016-01-06",102.260002
"2270","2016-01-07",102
"2271","2016-01-08",100.610001
"2272","2016-01-11",102.5
"2273","2016-01-12",102.5
"2274","2016-01-13",101.32
"2275","2016-01-14",102.080002
"2276","2016-01-15",102.940002
"2277","2016-01-19",101.75
"2278","2016-01-20",102.089996
"2279","2016-01-21",101.089996
"2280","2016-01-22",101.599998
"2281","2016-01-25",99.639999
"2282","2016-01-26",101.57
"2283","2016-01-27",99.440002
"2284","2016-01-28",101.089996
"2285","2016-01-29",105.300003
"2286","2016-02-01",103.760002
"2287","2016-02-02",102.080002
"2288","2016-02-03",100.919998
"2289","2016-02-04",101.050003
"2290","2016-02-05",97.970001
"2291","2016-02-08",100.75
"2292","2016-02-09",100.040001
"2293","2016-02-10",99.870003
"2294","2016-02-11",98.800003
"2295","2016-02-12",100.190002
"2296","2016-02-16",101.599998
"2297","2016-02-17",101.160004
"2298","2016-02-18",102.07
"2299","2016-02-19",105.019997
"2300","2016-02-22",105.279999
"2301","2016-02-23",105.389999
"2302","2016-02-24",105.910004
"2303","2016-02-25",105.389999
"2304","2016-02-26",105.690002
"2305","2016-02-29",105.410004
"2306","2016-03-01",106.690002
"2307","2016-03-02",104.610001
"2308","2016-03-03",106.360001
"2309","2016-03-04",106.690002
"2310","2016-03-07",108.510002
"2311","2016-03-08",107.480003
"2312","2016-03-09",108.139999
"2313","2016-03-10",107.209999
"2314","2016-03-11",109.190002
"2315","2016-03-14",108
"2316","2016-03-15",108.190002
"2317","2016-03-16",109.150002
"2318","2016-03-17",109.989998
"2319","2016-03-18",110.360001
"2320","2016-03-21",111.370003
"2321","2016-03-22",112.849998
"2322","2016-03-23",109.739998
"2323","2016-03-24",111.339996
"2324","2016-03-28",110.029999
"2325","2016-03-29",112.809998
"2326","2016-03-30",109.660004
"2327","2016-03-31",109.120003
"2328","2016-04-01",110.660004
"2329","2016-04-04",108.739998
"2330","2016-04-05",108.099998
"2331","2016-04-06",108.489998
"2332","2016-04-07",106.900002
"2333","2016-04-08",107.529999
"2334","2016-04-11",107.739998
"2335","2016-04-12",108.449997
"2336","2016-04-13",110.32
"2337","2016-04-14",110.199997
"2338","2016-04-15",110.5
"2339","2016-04-18",112.010002
"2340","2016-04-19",112.470001
"2341","2016-04-20",110.940002
"2342","2016-04-21",111.129997
"2343","2016-04-22",111.43
"2344","2016-04-25",110.18
"2345","2016-04-26",112.349998
"2346","2016-04-27",110.040001
"2347","2016-04-28",109.129997
"2348","2016-04-29",108.379997
"2349","2016-05-02",108.900002
"2350","2016-05-03",109.410004
"2351","2016-05-04",108.879997
"2352","2016-05-05",108.349998
"2353","2016-05-06",109.760002
"2354","2016-05-09",110.290001
"2355","2016-05-10",111.919998
"2356","2016-05-11",110.139999
"2357","2016-05-12",111.330002
"2358","2016-05-13",111.540001
"2359","2016-05-16",111.769997
"2360","2016-05-17",110.830002
"2361","2016-05-18",111.080002
"2362","2016-05-19",110.440002
"2363","2016-05-20",111.370003
"2364","2016-05-23",111.269997
"2365","2016-05-24",114.239998
"2366","2016-05-25",114.110001
"2367","2016-05-26",114.629997
"2368","2016-05-27",115.849998
"2369","2016-05-31",115.669998
"2370","2016-06-01",116.230003
"2371","2016-06-02",115.599998
"2372","2016-06-03",115.239998
"2373","2016-06-06",115.400002
"2374","2016-06-07",115.339996
"2375","2016-06-08",116.75
"2376","2016-06-09",117.089996
"2377","2016-06-10",116.660004
"2378","2016-06-13",114.900002
"2379","2016-06-14",114.309998
"2380","2016-06-15",113.419998
"2381","2016-06-16",113.099998
"2382","2016-06-17",112.739998
"2383","2016-06-20",113.510002
"2384","2016-06-21",113.489998
"2385","2016-06-22",113.410004
"2386","2016-06-23",114.989998
"2387","2016-06-24",110.410004
"2388","2016-06-27",106.209999
"2389","2016-06-28",105.440002
"2390","2016-06-29",114.889999
"2391","2016-06-30",115.720001
"2392","2016-07-01",114.730003
"2393","2016-07-05",114.029999
"2394","2016-07-06",113.110001
"2395","2016-07-07",112.32
"2396","2016-07-08",115.050003
"2397","2016-07-11",115.220001
"2398","2016-07-12",115.480003
"2399","2016-07-13",116.120003
"2400","2016-07-14",116.459999
"2401","2016-07-15",115.220001
"2402","2016-07-18",114.879997
"2403","2016-07-19",115
"2404","2016-07-20",116.239998
"2405","2016-07-21",115.980003
"2406","2016-07-22",116.540001
"2407","2016-07-25",115.860001
"2408","2016-07-26",117.099998
"2409","2016-07-27",116.239998
"2410","2016-07-28",116.919998
"2411","2016-07-29",116.879997
"2412","2016-08-01",117.730003
"2413","2016-08-02",116.650002
"2414","2016-08-03",117.480003
"2415","2016-08-04",117.089996
"2416","2016-08-05",118.360001
"2417","2016-08-08",118.57
"2418","2016-08-09",118.160004
"2419","2016-08-10",118.019997
"2420","2016-08-11",118.809998
"2421","2016-08-12",119.629997
"2422","2016-08-15",119.919998
"2423","2016-08-16",123.639999
"2424","2016-08-17",125.400002
"2425","2016-08-18",126.010002
"2426","2016-08-19",125.650002
"2427","2016-08-22",126.470001
"2428","2016-08-23",127.5
"2429","2016-08-24",126.790001
"2430","2016-08-25",128.070007
"2431","2016-08-26",127.629997
"2432","2016-08-29",128.240005
"2433","2016-08-30",128.539993
"2434","2016-08-31",128.389999
"2435","2016-09-01",128.539993
"2436","2016-09-02",130.440002
"2437","2016-09-06",130.589996
"2438","2016-09-07",130.889999
"2439","2016-09-08",131.029999
"2440","2016-09-09",128.779999
"2441","2016-09-12",130.369995
"2442","2016-09-13",128.729996
"2443","2016-09-14",128.990005
"2444","2016-09-15",130.779999
"2445","2016-09-16",130.729996
"2446","2016-09-19",132.289993
"2447","2016-09-20",132.179993
"2448","2016-09-21",131.860001
"2449","2016-09-22",133.240005
"2450","2016-09-23",132.589996
"2451","2016-09-26",131.270004
"2452","2016-09-27",130.929993
"2453","2016-09-28",132.479996
"2454","2016-09-29",131.070007
"2455","2016-09-30",131.860001
"2456","2016-10-03",131.619995
"2457","2016-10-04",131.630005
"2458","2016-10-05",131.550003
"2459","2016-10-06",132.990005
"2460","2016-10-07",131.899994
"2461","2016-10-10",132.259995
"2462","2016-10-11",131.529999
"2463","2016-10-12",132.089996
"2464","2016-10-13",130.679993
"2465","2016-10-14",131.210007
"2466","2016-10-17",131.100006
"2467","2016-10-18",130.800003
"2468","2016-10-19",119
"2469","2016-10-20",118.900002
"2470","2016-10-21",117.75
"2471","2016-10-24",119
"2472","2016-10-25",119.599998
"2473","2016-10-26",119.900002
"2474","2016-10-27",119.599998
"2475","2016-10-28",121.800003
"2476","2016-10-31",122.5
"2477","2016-11-01",122.800003
"2478","2016-11-02",122.849998
"2479","2016-11-03",122.949997
"2480","2016-11-04",122.550003
"2481","2016-11-07",124.800003
"2482","2016-11-08",125.849998
"2483","2016-11-09",130.350006
"2484","2016-11-10",134.350006
"2485","2016-11-11",139.5
"2486","2016-11-14",140.75
"2487","2016-11-15",139.300003
"2488","2016-11-16",139.649994
"2489","2016-11-17",139.350006
"2490","2016-11-18",140.399994
"2491","2016-11-21",141
"2492","2016-11-22",141.800003
"2493","2016-11-23",140.699997
"2494","2016-11-25",141
"2495","2016-11-28",141.199997
"2496","2016-11-29",141.350006
"2497","2016-11-30",141.350006
"2498","2016-12-01",141.449997
"2499","2016-12-02",141.5
"2500","2016-12-05",144.850006
"2501","2016-12-06",146.75
"2502","2016-12-07",146.699997
"2503","2016-12-08",146.300003
"2504","2016-12-09",146.949997
"2505","2016-12-12",146.300003
"2506","2016-12-13",145.949997
"2507","2016-12-14",144.300003
"2508","2016-12-15",146.649994
"2509","2016-12-16",144.25
"2510","2016-12-19",144.949997
"2511","2016-12-20",145.350006
"2512","2016-12-21",144.899994
"2513","2016-12-22",145.600006
"2514","2016-12-23",144.25
"2515","2016-12-27",145
"2516","2016-12-28",143.75
"2517","2016-12-29",144
"2518","2016-12-30",143.649994
"2519","2017-01-03",145
"2520","2017-01-04",139
"2521","2017-01-05",135.050003
"2522","2017-01-06",133.199997
"2523","2017-01-09",132.699997
"2524","2017-01-10",133.550003
"2525","2017-01-11",133.149994
"2526","2017-01-12",132.899994
"2527","2017-01-13",132.850006
"2528","2017-01-17",130.850006
"2529","2017-01-18",130.100006
"2530","2017-01-19",128.649994
"2531","2017-01-20",128.5
"2532","2017-01-23",127.5
"2533","2017-01-24",128.199997
"2534","2017-01-25",130.050003
"2535","2017-01-26",130.800003
"2536","2017-01-27",129.75
"2537","2017-01-30",127.699997
"2538","2017-01-31",127.900002
"2539","2017-02-01",127.150002
"2540","2017-02-02",125.800003
"2541","2017-02-03",128.149994
"2542","2017-02-06",127.699997
"2543","2017-02-07",126.349998
"2544","2017-02-08",127.300003
"2545","2017-02-09",127.75
"2546","2017-02-10",129.300003
"2547","2017-02-13",129.199997
"2548","2017-02-14",127.699997
"2549","2017-02-15",128.949997
"2550","2017-02-16",130.199997
"2551","2017-02-17",130.949997
"2552","2017-02-21",131.600006
"2553","2017-02-22",132.399994
"2554","2017-02-23",130.75
"2555","2017-02-24",132.199997
"2556","2017-02-27",133.550003
"2557","2017-02-28",133.100006
"2558","2017-03-01",135.199997
"2559","2017-03-02",134.550003
"2560","2017-03-03",132.600006
"2561","2017-03-06",132.199997
"2562","2017-03-07",131.350006
"2563","2017-03-08",131
"2564","2017-03-09",130.600006
"2565","2017-03-10",132.149994
"2566","2017-03-13",132.550003
"2567","2017-03-14",132.050003
"2568","2017-03-15",133.75
"2569","2017-03-16",132.550003
"2570","2017-03-17",135.949997
"2571","2017-03-20",136.199997
"2572","2017-03-21",134.25
"2573","2017-03-22",134.75
"2574","2017-03-23",136
"2575","2017-03-24",135.100006
"2576","2017-03-27",135.399994
"2577","2017-03-28",136.050003
"2578","2017-03-29",141
"2579","2017-03-30",141.050003
"2580","2017-03-31",141.449997
"2581","2017-04-03",137.350006
"2582","2017-04-04",137.699997
"2583","2017-04-05",136.199997
"2584","2017-04-06",137.350006
"2585","2017-04-07",135.199997
"2586","2017-04-10",136.050003
"2587","2017-04-11",137.399994
"2588","2017-04-12",135.800003
"2589","2017-04-13",133.600006
"2590","2017-04-17",135.800003
"2591","2017-04-18",136
"2592","2017-04-19",136.350006
"2593","2017-04-20",138.399994
"2594","2017-04-21",138.399994
"2595","2017-04-24",141.25
"2596","2017-04-25",142.149994
"2597","2017-04-26",141.850006
"2598","2017-04-27",142.300003
"2599","2017-04-28",139.199997
"2600","2017-05-01",139.649994
"2601","2017-05-02",139.550003
"2602","2017-05-03",137.75
"2603","2017-05-04",139.199997
"2604","2017-05-05",139.5
"2605","2017-05-08",139.800003
"2606","2017-05-09",140.399994
"2607","2017-05-10",140.699997
"2608","2017-05-11",139.75
"2609","2017-05-12",137.699997
"2610","2017-05-15",138.050003
"2611","2017-05-16",137.149994
"2612","2017-05-17",136.800003
"2613","2017-05-18",137.550003
"2614","2017-05-19",137.300003
"2615","2017-05-22",137.949997
"2616","2017-05-23",138.850006
"2617","2017-05-24",140.649994
"2618","2017-05-25",139.899994
"2619","2017-05-26",139.75
"2620","2017-05-30",140.5
"2621","2017-05-31",141.699997
"2622","2017-06-01",142.699997
"2623","2017-06-02",144.800003
"2624","2017-06-05",141.399994
"2625","2017-06-06",140.149994
"2626","2017-06-07",138.550003
"2627","2017-06-08",139.949997
"2628","2017-06-09",142.399994
"2629","2017-06-12",141.75
"2630","2017-06-13",142
"2631","2017-06-14",141
"2632","2017-06-15",140.75
"2633","2017-06-16",141.199997
"2634","2017-06-19",141.899994
"2635","2017-06-20",140.300003
"2636","2017-06-21",139.600006
"2637","2017-06-22",140.199997
"2638","2017-06-23",142.350006
"2639","2017-06-26",140.300003
"2640","2017-06-27",139.050003
"2641","2017-06-28",141.699997
"2642","2017-06-29",140.25
"2643","2017-06-30",140.699997
"2644","2017-07-03",143.199997
"2645","2017-07-05",141.25
"2646","2017-07-06",137.949997
"2647","2017-07-07",139.850006
"2648","2017-07-10",137.800003
"2649","2017-07-11",137.449997
"2650","2017-07-12",138.100006
"2651","2017-07-13",138.100006
"2652","2017-07-14",137.75
"2653","2017-07-17",137.850006
"2654","2017-07-18",137.100006
"2655","2017-07-19",138.449997
"2656","2017-07-20",139.100006
"2657","2017-07-21",140.949997
"2658","2017-07-24",140.649994
"2659","2017-07-25",141.600006
"2660","2017-07-26",141.350006
"2661","2017-07-27",141.5
"2662","2017-07-28",142.75
"2663","2017-07-31",142.25
"2664","2017-08-01",143.449997
"2665","2017-08-02",142.100006
"2666","2017-08-03",143.100006
"2667","2017-08-04",143.350006
"2668","2017-08-07",141.5
"2669","2017-08-08",140.649994
"2670","2017-08-09",138.350006
"2671","2017-08-10",138.449997
"2672","2017-08-11",137.100006
"2673","2017-08-14",139.949997
"2674","2017-08-15",138.199997
"2675","2017-08-16",138.800003
"2676","2017-08-17",137.149994
"2677","2017-08-18",136.75
"2678","2017-08-21",137.5
"2679","2017-08-22",138.600006
"2680","2017-08-23",137.949997
"2681","2017-08-24",139.149994
"2682","2017-08-25",138.050003
"2683","2017-08-28",138.149994
"2684","2017-08-29",138.300003
"2685","2017-08-30",139.149994
"2686","2017-08-31",143.600006
"2687","2017-09-01",144.300003
"2688","2017-09-05",142.649994
"2689","2017-09-06",142.300003
"2690","2017-09-07",141.25
"2691","2017-09-08",141.699997
"2692","2017-09-11",143.600006
"2693","2017-09-12",143.800003
"2694","2017-09-13",144.550003
"2695","2017-09-14",144.550003
"2696","2017-09-15",145.300003
"2697","2017-09-18",145.699997
"2698","2017-09-19",145.899994
"2699","2017-09-20",146.399994
"2700","2017-09-21",144.75
"2701","2017-09-22",144.149994
"2702","2017-09-25",146
"2703","2017-09-26",147.800003
"2704","2017-09-27",151.550003
"2705","2017-09-28",150.449997
"2706","2017-09-29",151.5
"2707","2017-10-02",153.899994
"2708","2017-10-03",154.800003
"2709","2017-10-04",154.800003
"2710","2017-10-05",155.050003
"2711","2017-10-06",156.199997
"2712","2017-10-09",156.25
"2713","2017-10-10",156.199997
"2714","2017-10-11",156.5
"2715","2017-10-12",156.850006
"2716","2017-10-13",157
"2717","2017-10-16",157.100006
"2718","2017-10-17",155.25
"2719","2017-10-18",157.300003
"2720","2017-10-19",155.550003
"2721","2017-10-20",155.949997
"2722","2017-10-23",156.050003
"2723","2017-10-24",156.149994
"2724","2017-10-25",157.199997
"2725","2017-10-26",161.199997
"2726","2017-10-27",160.800003
"2727","2017-10-30",156.449997
"2728","2017-10-31",157.5
"2729","2017-11-01",155.5
"2730","2017-11-02",157.449997
"2731","2017-11-03",156.949997
"2732","2017-11-06",156.350006
"2733","2017-11-07",155
"2734","2017-11-08",153.449997
"2735","2017-11-09",151
"2736","2017-11-10",149.800003
"2737","2017-11-13",151
"2738","2017-11-14",152.75
"2739","2017-11-15",152.100006
"2740","2017-11-16",153.850006
"2741","2017-11-17",153.699997
"2742","2017-11-20",154.100006
"2743","2017-11-21",155
"2744","2017-11-22",156.5
"2745","2017-11-24",157.550003
"2746","2017-11-27",157.899994
"2747","2017-11-28",161.449997
"2748","2017-11-29",161.399994
"2749","2017-11-30",163.5
"2750","2017-12-01",163.850006
"2751","2017-12-04",166.050003
"2752","2017-12-05",164.5
"2753","2017-12-06",164
"2754","2017-12-07",165.199997
"2755","2017-12-08",164.050003
"2756","2017-12-11",163.800003
"2757","2017-12-12",167.050003
"2758","2017-12-13",167.600006
"2759","2017-12-14",165.399994
"2760","2017-12-15",167.949997
"2761","2017-12-18",170.449997
"2762","2017-12-19",168.850006
"2763","2017-12-20",168.949997
"2764","2017-12-21",168.899994
"2765","2017-12-22",166.550003
"2766","2017-12-26",164.5
"2767","2017-12-27",164.949997
"2768","2017-12-28",165.600006
"2769","2017-12-29",164.899994
"2770","2018-01-02",167.800003
"2771","2018-01-03",170
"2772","2018-01-04",175.050003
"2773","2018-01-05",171.600006
"2774","2018-01-08",171.699997
"2775","2018-01-09",170.050003
"2776","2018-01-10",168.5
"2777","2018-01-11",171.5
"2778","2018-01-12",171.149994
"2779","2018-01-16",170.300003
"2780","2018-01-17",170.5
"2781","2018-01-18",167.899994
"2782","2018-01-19",170.949997
"2783","2018-01-22",171.149994
"2784","2018-01-23",169.75
"2785","2018-01-24",167.649994
"2786","2018-01-25",166.699997
"2787","2018-01-26",164.800003
"2788","2018-01-29",164.350006
"2789","2018-01-30",167.050003
"2790","2018-01-31",165.300003
"2791","2018-02-01",165.949997
"2792","2018-02-02",163.149994
"2793","2018-02-05",154.350006
"2794","2018-02-06",153.350006
"2795","2018-02-07",152.649994
"2796","2018-02-08",148.949997
"2797","2018-02-09",150.699997
"2798","2018-02-12",151.350006
"2799","2018-02-13",151
"2800","2018-02-14",154.649994
"2801","2018-02-15",155.050003
"2802","2018-02-16",155.949997
"2803","2018-02-20",155.5
"2804","2018-02-21",155.649994
"2805","2018-02-22",157.100006
"2806","2018-02-23",158.949997
"2807","2018-02-26",159.050003
"2808","2018-02-27",157.399994
"2809","2018-02-28",155.300003
"2810","2018-03-01",153.050003
"2811","2018-03-02",154.600006
"2812","2018-03-05",155.75
"2813","2018-03-06",156.649994
"2814","2018-03-07",159.149994
"2815","2018-03-08",157.75
"2816","2018-03-09",162.550003
"2817","2018-03-12",162.050003
"2818","2018-03-13",160.649994
"2819","2018-03-14",159.399994
"2820","2018-03-15",157.600006
"2821","2018-03-16",158.050003
"2822","2018-03-19",156.699997
"2823","2018-03-20",156.100006
"2824","2018-03-21",156.850006
"2825","2018-03-22",151.600006
"2826","2018-03-23",147.850006
"2827","2018-03-26",149.699997
"2828","2018-03-27",144.899994
"2829","2018-03-28",159.649994
"2830","2018-03-29",161.649994
"2831","2018-04-02",154.899994
"2832","2018-04-03",157.5
"2833","2018-04-04",157.199997
"2834","2018-04-05",160.399994
"2835","2018-04-06",157.5
"2836","2018-04-09",157.25
"2837","2018-04-10",159.300003
"2838","2018-04-11",158.25
"2839","2018-04-12",158.649994
"2840","2018-04-13",158.550003
"2841","2018-04-16",161
"2842","2018-04-17",163.899994
"2843","2018-04-18",163.5
"2844","2018-04-19",161.949997
"2845","2018-04-20",162.149994
"2846","2018-04-23",160.949997
"2847","2018-04-24",160.100006
"2848","2018-04-25",160.850006
"2849","2018-04-26",160
"2850","2018-04-27",159.949997
"2851","2018-04-30",160.600006
"2852","2018-05-01",160.100006
"2853","2018-05-02",160.649994
"2854","2018-05-03",160.300003
"2855","2018-05-04",163.949997
"2856","2018-05-07",166.300003
"2857","2018-05-08",169.300003
"2858","2018-05-09",168.649994
"2859","2018-05-10",171.300003
"2860","2018-05-11",172.75
"2861","2018-05-14",171.350006
"2862","2018-05-15",173.300003
"2863","2018-05-16",173.5
"2864","2018-05-17",174.399994
"2865","2018-05-18",175.949997
"2866","2018-05-21",176.699997
"2867","2018-05-22",174.149994
"2868","2018-05-23",174.949997
"2869","2018-05-24",175.75
"2870","2018-05-25",175.199997
"2871","2018-05-29",175.5
"2872","2018-05-30",177.949997
"2873","2018-05-31",177.600006
"2874","2018-06-01",179.649994
"2875","2018-06-04",183.25
"2876","2018-06-05",187.050003
"2877","2018-06-06",184.300003
"2878","2018-06-07",182.449997
"2879","2018-06-08",182.350006
"2880","2018-06-11",182.850006
"2881","2018-06-12",182.949997
"2882","2018-06-13",182
"2883","2018-06-14",183.149994
"2884","2018-06-15",184.199997
"2885","2018-06-18",184.800003
"2886","2018-06-19",182.25
"2887","2018-06-20",182.399994
"2888","2018-06-21",182.050003
"2889","2018-06-22",182.800003
"2890","2018-06-25",181
"2891","2018-06-26",181.550003
"2892","2018-06-27",178.850006
"2893","2018-06-28",177
"2894","2018-06-29",176.899994
"2895","2018-07-02",181.199997
"2896","2018-07-03",181.350006
"2897","2018-07-05",184.649994
"2898","2018-07-06",185.5
"2899","2018-07-09",187
"2900","2018-07-10",186
"2901","2018-07-11",186.100006
"2902","2018-07-12",189.649994
"2903","2018-07-13",189.600006
"2904","2018-07-16",186.449997
"2905","2018-07-17",185.550003
"2906","2018-07-18",185.649994
"2907","2018-07-19",186.449997
"2908","2018-07-20",187.199997
"2909","2018-07-23",188
"2910","2018-07-24",186.800003
"2911","2018-07-25",187.649994
"2912","2018-07-26",189
"2913","2018-07-27",184.850006
"2914","2018-07-30",184.550003
"2915","2018-07-31",187.149994
"2916","2018-08-01",187.5
"2917","2018-08-02",189.399994
"2918","2018-08-03",188.149994
"2919","2018-08-06",189.649994
"2920","2018-08-07",189.550003
"2921","2018-08-08",190.850006
"2922","2018-08-09",189.899994
"2923","2018-08-10",186.050003
"2924","2018-08-13",183.899994
"2925","2018-08-14",184.050003
"2926","2018-08-15",182.25
"2927","2018-08-16",184.649994
"2928","2018-08-17",185.050003
"2929","2018-08-20",184.949997
"2930","2018-08-21",185.75
"2931","2018-08-22",184.899994
"2932","2018-08-23",183.050003
"2933","2018-08-24",182.350006
"2934","2018-08-27",183.550003
"2935","2018-08-28",184.399994
"2936","2018-08-29",183.050003
"2937","2018-08-30",183.949997
"2938","2018-08-31",185.199997
"2939","2018-09-04",183.350006
"2940","2018-09-05",183
"2941","2018-09-06",182.800003
"2942","2018-09-07",182.350006
"2943","2018-09-10",183.550003
"2944","2018-09-11",181.949997
"2945","2018-09-12",184.350006
"2946","2018-09-13",183.899994
"2947","2018-09-14",186.399994
"2948","2018-09-17",180.75
"2949","2018-09-18",180.100006
"2950","2018-09-19",175.850006
"2951","2018-09-20",178.149994
"2952","2018-09-21",175.949997
"2953","2018-09-24",173.350006
"2954","2018-09-25",174.600006
"2955","2018-09-26",172.350006
"2956","2018-09-27",173.100006
"2957","2018-09-28",173.649994
"2958","2018-10-01",170.139999
"2959","2018-10-02",168.210007
"2960","2018-10-03",168.770004
"2961","2018-10-04",167.820007
"2962","2018-10-05",166.75
"2963","2018-10-08",166.75
"2964","2018-10-09",166.779999
"2965","2018-10-10",160.949997
"2966","2018-10-11",157.600006
"2967","2018-10-12",158.070007
"2968","2018-10-15",159.830002
"2969","2018-10-16",164.520004
"2970","2018-10-17",153.130005
"2971","2018-10-18",151.199997
"2972","2018-10-19",153.25
"2973","2018-10-22",152.380005
"2974","2018-10-23",149.300003
"2975","2018-10-24",146.490005
"2976","2018-10-25",146.570007
"2977","2018-10-26",145.639999
"2978","2018-10-29",144.820007
"2979","2018-10-30",149.460007
"2980","2018-10-31",149.300003
"2981","2018-11-01",150.389999
"2982","2018-11-02",149.720001
"2983","2018-11-05",149.350006
"2984","2018-11-06",148.869995
"2985","2018-11-07",149.419998
"2986","2018-11-08",149.339996
"2987","2018-11-09",148
"2988","2018-11-12",146.389999
"2989","2018-11-13",147.369995
"2990","2018-11-14",149.089996
"2991","2018-11-15",149.940002
"2992","2018-11-16",150.710007
"2993","2018-11-19",149.559998
"2994","2018-11-20",147.470001
"2995","2018-11-21",147.740005
"2996","2018-11-23",146.820007
"2997","2018-11-26",147.009995
"2998","2018-11-27",146.169998
"2999","2018-11-28",151.020004
"3000","2018-11-29",151.380005
"3001","2018-11-30",154.410004
"3002","2018-12-03",156.429993
"3003","2018-12-04",146.089996
"3004","2018-12-06",145.339996
"3005","2018-12-07",142.630005
"3006","2018-12-10",140.589996
"3007","2018-12-11",140.289993
"3008","2018-12-12",142.389999
"3009","2018-12-13",142.169998
"3010","2018-12-14",139.929993
"3011","2018-12-17",138.660004
"3012","2018-12-18",138.589996
"3013","2018-12-19",137.080002
"3014","2018-12-20",135.660004
"3015","2018-12-21",134.880005
"3016","2018-12-24",133.169998
"3017","2018-12-26",139.289993
"3018","2018-12-27",139.949997
"3019","2018-12-28",141.520004
"3020","2018-12-31",143.070007
"3021","2019-01-02",145.009995
"3022","2019-01-03",133.860001
"3023","2019-01-04",135.5
"3024","2019-01-07",134.559998
"3025","2019-01-08",138.259995
"3026","2019-01-09",138.429993
"3027","2019-01-10",137.830002
"3028","2019-01-11",137.529999
"3029","2019-01-14",136.830002
"3030","2019-01-15",137.320007
"3031","2019-01-16",137.660004
"3032","2019-01-17",138.800003
"3033","2019-01-18",139.850006
"3034","2019-01-22",137
"3035","2019-01-23",136.509995
"3036","2019-01-24",136.990005
"3037","2019-01-25",138
"3038","2019-01-28",135.669998
"3039","2019-01-29",135.570007
"3040","2019-01-30",137.75
"3041","2019-01-31",138.429993
"3042","2019-02-01",138.339996
"3043","2019-02-04",138.559998
"3044","2019-02-05",139.509995
"3045","2019-02-06",138.539993
"3046","2019-02-07",139.350006
"3047","2019-02-08",140.820007
"3048","2019-02-11",141.729996
"3049","2019-02-12",145.520004
"3050","2019-02-13",145.809998
"3051","2019-02-14",145.350006
"3052","2019-02-15",147.720001
"3053","2019-02-19",147.559998
"3054","2019-02-20",147.839996
"3055","2019-02-21",147.479996
"3056","2019-02-22",147.440002
"3057","2019-02-25",145.119995
"3058","2019-02-26",144.509995
"3059","2019-02-27",144.100006
"3060","2019-02-28",143.820007
"3061","2019-03-01",143.350006
"3062","2019-03-04",139.479996
"3063","2019-03-05",139.830002
"3064","2019-03-06",137.940002
"3065","2019-03-07",135.410004
"3066","2019-03-08",135.470001
"3067","2019-03-11",137.669998
"3068","2019-03-12",138.309998
"3069","2019-03-13",138.929993
"3070","2019-03-14",138.550003
"3071","2019-03-15",138.570007
"3072","2019-03-18",139.929993
"3073","2019-03-19",139.949997
"3074","2019-03-20",138.320007
"3075","2019-03-21",140.080002
"3076","2019-03-22",136.720001
"3077","2019-03-25",139.539993
"3078","2019-03-26",139.240005
"3079","2019-03-27",150.919998
"3080","2019-03-28",154.339996
"3081","2019-03-29",153.5
"3082","2019-04-01",156.119995
"3083","2019-04-02",153.979996
"3084","2019-04-03",157.080002
"3085","2019-04-04",158.720001
"3086","2019-04-05",160.770004
"3087","2019-04-08",159.139999
"3088","2019-04-09",155.5
"3089","2019-04-10",155.149994
"3090","2019-04-11",154.710007
"3091","2019-04-12",154.809998
"3092","2019-04-15",154.410004
"3093","2019-04-16",153.970001
"3094","2019-04-17",154.199997
"3095","2019-04-18",155.800003
"3096","2019-04-22",152.949997
"3097","2019-04-23",155.779999
"3098","2019-04-24",156.960007
"3099","2019-04-25",156.880005
"3100","2019-04-26",156.940002
"3101","2019-04-29",157.839996
"3102","2019-04-30",158.130005
"3103","2019-05-01",159.889999
"3104","2019-05-02",162.990005
"3105","2019-05-03",165.880005
"3106","2019-05-06",166.389999
"3107","2019-05-07",165.800003
"3108","2019-05-08",164.169998
"3109","2019-05-09",163.779999
"3110","2019-05-10",162.449997
"3111","2019-05-13",157.130005
"3112","2019-05-14",157.940002
"3113","2019-05-15",159.279999
"3114","2019-05-16",161.699997
"3115","2019-05-17",159.339996
"3116","2019-05-20",160.309998
"3117","2019-05-21",161.860001
"3118","2019-05-22",162.139999
"3119","2019-05-23",159.660004
"3120","2019-05-24",158.610001
"3121","2019-05-28",159.050003
"3122","2019-05-29",157.990005
"3123","2019-05-30",159.720001
"3124","2019-05-31",158.779999
"3125","2019-06-03",158.970001
"3126","2019-06-04",160.479996
"3127","2019-06-05",161.899994
"3128","2019-06-06",159.669998
"3129","2019-06-07",160.190002
"3130","2019-06-10",162.610001
"3131","2019-06-11",162.649994
"3132","2019-06-12",167.690002
"3133","2019-06-13",166.309998
"3134","2019-06-14",167.75
"3135","2019-06-17",171.460007
"3136","2019-06-18",171.279999
"3137","2019-06-19",171.699997
"3138","2019-06-20",169.830002
"3139","2019-06-21",168.25
"3140","2019-06-24",169.190002
"3141","2019-06-25",166.589996
"3142","2019-06-26",178.110001
"3143","2019-06-27",185.490005
"3144","2019-06-28",188.570007
"3145","2019-07-01",187.669998
"3146","2019-07-02",188.509995
"3147","2019-07-03",190.220001
"3148","2019-07-05",190.779999
"3149","2019-07-08",188.520004
"3150","2019-07-09",187.449997
"3151","2019-07-10",187.360001
"3152","2019-07-11",188.309998
"3153","2019-07-12",185.699997
"3154","2019-07-15",185.449997
"3155","2019-07-16",185.570007
"3156","2019-07-17",187.509995
"3157","2019-07-18",190.490005
"3158","2019-07-19",188.800003
"3159","2019-07-22",188.110001
"3160","2019-07-23",190.470001
"3161","2019-07-24",189.649994
"3162","2019-07-25",190.550003
"3163","2019-07-26",194.929993
"3164","2019-07-29",194.809998
"3165","2019-07-30",197.960007
"3166","2019-07-31",196.869995
"3167","2019-08-01",195.240005
"3168","2019-08-02",195
"3169","2019-08-05",193.020004
"3170","2019-08-06",194.639999
"3171","2019-08-07",193.740005
"3172","2019-08-08",197.110001
"3173","2019-08-09",196.539993
"3174","2019-08-12",197.270004
"3175","2019-08-13",199.710007
"3176","2019-08-14",196.669998
"3177","2019-08-15",196.940002
"3178","2019-08-16",200.320007
"3179","2019-08-19",201.270004
"3180","2019-08-20",202.589996
"3181","2019-08-21",203.229996
"3182","2019-08-22",200.190002
"3183","2019-08-23",195.110001
"3184","2019-08-26",196.470001
"3185","2019-08-27",194.809998
"3186","2019-08-28",197.449997
"3187","2019-08-29",197.289993
"3188","2019-08-30",195.910004
"3189","2019-09-03",193.270004
"3190","2019-09-04",195.320007
"3191","2019-09-05",196.089996
"3192","2019-09-06",196.5
"3193","2019-09-09",191.279999
"3194","2019-09-10",189.149994
"3195","2019-09-11",190.339996
"3196","2019-09-12",191.600006
"3197","2019-09-13",196.669998
"3198","2019-09-16",192.880005
"3199","2019-09-17",195.809998
"3200","2019-09-18",193.490005
"3201","2019-09-19",193.429993
"3202","2019-09-20",194.520004
"3203","2019-09-23",192.990005
"3204","2019-09-24",192.490005
"3205","2019-09-25",199.880005
"3206","2019-09-26",199.330002
"3207","2019-09-27",195.529999
"3208","2019-09-30",195.119995
"3209","2019-10-01",191.919998
"3210","2019-10-02",187.699997
"3211","2019-10-03",186.539993
"3212","2019-10-04",192.940002
"3213","2019-10-07",188.330002
"3214","2019-10-08",189.619995
"3215","2019-10-09",189.320007
"3216","2019-10-10",190.479996
"3217","2019-10-11",192.130005
"3218","2019-10-14",191.669998
"3219","2019-10-15",194.039993
"3220","2019-10-16",196.779999
"3221","2019-10-17",194.380005
"3222","2019-10-18",196.429993
"3223","2019-10-21",198.990005
"3224","2019-10-22",195.039993
"3225","2019-10-23",208.119995
"3226","2019-10-24",203.779999
"3227","2019-10-25",204.809998
"3228","2019-10-28",205.179993
"3229","2019-10-29",201.240005
"3230","2019-10-30",203.429993
"3231","2019-10-31",200.839996
"3232","2019-11-01",205.759995
"3233","2019-11-04",205.389999
"3234","2019-11-05",206.559998
"3235","2019-11-06",208.880005
"3236","2019-11-07",208.360001
"3237","2019-11-08",208.429993
"3238","2019-11-11",207.910004
"3239","2019-11-12",208.559998
"3240","2019-11-13",205.389999
"3241","2019-11-14",207.369995
"3242","2019-11-15",205.690002
"3243","2019-11-18",207.110001
"3244","2019-11-19",207.910004
"3245","2019-11-20",205.899994
"3246","2019-11-21",205.940002
"3247","2019-11-22",206.490005
"3248","2019-11-25",206.389999
"3249","2019-11-26",208.039993
"3250","2019-11-27",207.899994
"3251","2019-11-29",206.25
"3252","2019-12-02",205
"3253","2019-12-03",203.199997
"3254","2019-12-04",202.289993
"3255","2019-12-05",206.970001
"3256","2019-12-06",206.520004
"3257","2019-12-09",205.800003
"3258","2019-12-10",205.699997
"3259","2019-12-11",209.440002
"3260","2019-12-12",210.369995
"3261","2019-12-13",208.940002
"3262","2019-12-16",211.600006
"3263","2019-12-17",212.75
"3264","2019-12-18",209.919998
"3265","2019-12-19",208.399994
"3266","2019-12-20",207.419998
"3267","2019-12-23",205.320007
"3268","2019-12-24",205.600006
"3269","2019-12-26",203.289993
"3270","2019-12-27",202.720001
"3271","2019-12-30",203.589996
"3272","2019-12-31",201.979996
"3273","2020-01-02",203.529999
"3274","2020-01-03",203.399994
"3275","2020-01-06",202.990005
"3276","2020-01-07",203.529999
"3277","2020-01-08",216.229996
"3278","2020-01-09",207.529999
"3279","2020-01-10",207.229996
"3280","2020-01-13",213.589996
"3281","2020-01-14",212.369995
"3282","2020-01-15",210.809998
"3283","2020-01-16",212.899994
"3284","2020-01-17",211.820007
"3285","2020-01-21",209.580002
"3286","2020-01-22",213.009995
"3287","2020-01-23",212.389999
"3288","2020-01-24",210.5
"3289","2020-01-27",208.300003
"3290","2020-01-28",208.559998
"3291","2020-01-29",206.160004
"3292","2020-01-30",206.190002
"3293","2020-01-31",203.929993
"3294","2020-02-03",206.360001
"3295","2020-02-04",205.100006
"3296","2020-02-05",207.119995
"3297","2020-02-06",203.940002
"3298","2020-02-07",201.610001
"3299","2020-02-10",203.820007
"3300","2020-02-11",204.25
"3301","2020-02-12",206.100006
"3302","2020-02-13",210.199997
"3303","2020-02-14",208.759995
"3304","2020-02-18",209.830002
"3305","2020-02-19",209.619995
"3306","2020-02-20",205.279999
"3307","2020-02-21",202.970001
"3308","2020-02-24",202.070007
"3309","2020-02-25",195.389999
"3310","2020-02-26",197.25
"3311","2020-02-27",187.850006
"3312","2020-02-28",185.809998
"3313","2020-03-02",188.259995
"3314","2020-03-03",182.940002
"3315","2020-03-04",189.220001
"3316","2020-03-05",181.399994
"3317","2020-03-06",184.789993
"3318","2020-03-09",173.059998
"3319","2020-03-10",174.960007
"3320","2020-03-11",165.029999
"3321","2020-03-12",154.669998
"3322","2020-03-13",169.720001
"3323","2020-03-16",146.470001
"3324","2020-03-17",148.539993
"3325","2020-03-18",127.720001
"3326","2020-03-19",139
"3327","2020-03-20",128.979996
"3328","2020-03-23",130.970001
"3329","2020-03-24",142.779999
"3330","2020-03-25",136.960007
"3331","2020-03-26",149.839996
"3332","2020-03-27",144.949997
"3333","2020-03-30",146.559998
"3334","2020-03-31",151.089996
"3335","2020-04-01",141.630005
"3336","2020-04-02",139.399994
"3337","2020-04-03",137.899994
"3338","2020-04-06",150.119995
"3339","2020-04-07",157.660004
"3340","2020-04-08",162.059998
"3341","2020-04-09",167.639999
"3342","2020-04-13",160.940002
"3343","2020-04-14",159.979996
"3344","2020-04-15",149.050003
"3345","2020-04-16",152.270004
"3346","2020-04-17",162.800003
"3347","2020-04-20",159.520004
"3348","2020-04-21",156.479996
"3349","2020-04-22",158.720001
"3350","2020-04-23",158.779999
"3351","2020-04-24",160.029999
"3352","2020-04-27",166.179993
"3353","2020-04-28",169.639999
"3354","2020-04-29",172.589996
"3355","2020-04-30",168.149994
"3356","2020-05-01",165.940002
"3357","2020-05-04",164.179993
"3358","2020-05-05",163.759995
"3359","2020-05-06",159.130005
"3360","2020-05-07",160.820007
"3361","2020-05-08",167.089996
"3362","2020-05-11",165.320007
"3363","2020-05-12",154.429993
"3364","2020-05-13",149.910004
"3365","2020-05-14",156.039993
"3366","2020-05-15",159.229996
"3367","2020-05-18",170.529999
"3368","2020-05-19",166.020004
"3369","2020-05-20",169.660004
"3370","2020-05-21",169.279999
"3371","2020-05-22",171.850006
"3372","2020-05-26",181.300003
"3373","2020-05-27",181.440002
"3374","2020-05-28",181.050003
"3375","2020-05-29",179.800003
"3376","2020-06-01",180.119995
"3377","2020-06-02",181.809998
"3378","2020-06-03",191.300003
"3379","2020-06-04",189.029999
"3380","2020-06-05",189.690002
"3381","2020-06-08",184.520004
"3382","2020-06-09",180.320007
"3383","2020-06-10",177.789993
"3384","2020-06-11",169.440002
"3385","2020-06-12",169.240005
"3386","2020-06-15",172.289993
"3387","2020-06-16",177.199997
"3388","2020-06-17",174.789993
"3389","2020-06-18",176
"3390","2020-06-19",170.699997
"3391","2020-06-22",174.479996
"3392","2020-06-23",175.440002
"3393","2020-06-24",170.160004
"3394","2020-06-25",173.979996
"3395","2020-06-26",170.539993
"3396","2020-06-29",176.419998
"3397","2020-06-30",178.949997
"3398","2020-07-01",172.990005
"3399","2020-07-02",175.369995
"3400","2020-07-06",174.039993
"3401","2020-07-07",171.080002
"3402","2020-07-08",170.820007
"3403","2020-07-09",169.309998
"3404","2020-07-10",170.940002
"3405","2020-07-13",171.679993
"3406","2020-07-14",173.649994
"3407","2020-07-15",180.720001
"3408","2020-07-16",177.919998
"3409","2020-07-17",180.100006
"3410","2020-07-20",176.860001
"3411","2020-07-21",181.630005
"3412","2020-07-22",180.940002
"3413","2020-07-23",183.460007
"3414","2020-07-24",182.160004
"3415","2020-07-27",183.529999
"3416","2020-07-28",182.460007
"3417","2020-07-29",188.039993
"3418","2020-07-30",188.179993
"3419","2020-07-31",186.479996
"3420","2020-08-03",185.460007
"3421","2020-08-04",187
"3422","2020-08-05",192.940002
"3423","2020-08-06",192.470001
"3424","2020-08-07",198.039993
"3425","2020-08-10",200.479996
"3426","2020-08-11",200.339996
"3427","2020-08-12",200.300003
"3428","2020-08-13",199.350006
"3429","2020-08-14",197.839996
"3430","2020-08-17",197.360001
"3431","2020-08-18",194.220001
"3432","2020-08-19",192.139999
"3433","2020-08-20",190.889999
"3434","2020-08-21",190.259995
"3435","2020-08-24",194.779999
"3436","2020-08-25",194.919998
"3437","2020-08-26",195.270004
"3438","2020-08-27",195.669998
"3439","2020-08-28",197.029999
"3440","2020-08-31",192.619995
"3441","2020-09-01",193.929993
"3442","2020-09-02",198.289993
"3443","2020-09-03",194.169998
"3444","2020-09-04",193.619995
"3445","2020-09-08",188.910004
"3446","2020-09-09",193.419998
"3447","2020-09-10",190.970001
"3448","2020-09-11",189.070007
"3449","2020-09-14",191.570007
"3450","2020-09-15",189.320007
"3451","2020-09-16",188.529999
"3452","2020-09-17",186.039993
"3453","2020-09-18",186.979996
"3454","2020-09-21",180.679993
"3455","2020-09-22",183.059998
"3456","2020-09-23",181.710007
"3457","2020-09-24",181.029999
"3458","2020-09-25",186.169998
"3459","2020-09-28",190.970001
"3460","2020-09-29",190.740005
"3461","2020-09-30",189.369995
"3462","2020-10-01",189.479996
"3463","2020-10-02",187.570007
"3464","2020-10-05",189.320007
"3465","2020-10-06",188.460007
"3466","2020-10-07",190.449997
"3467","2020-10-08",192.809998
"3468","2020-10-09",196.899994
"3469","2020-10-12",199.919998
"3470","2020-10-13",195.839996
"3471","2020-10-14",194.25
"3472","2020-10-15",193.100006
"3473","2020-10-16",191.919998
"3474","2020-10-19",191.789993
"3475","2020-10-20",196.679993
"3476","2020-10-21",181
"3477","2020-10-22",173.470001
"3478","2020-10-23",170.429993
"3479","2020-10-26",166.940002
"3480","2020-10-27",163.740005
"3481","2020-10-28",165.440002
"3482","2020-10-29",166.800003
"3483","2020-10-30",163.809998
"3484","2020-11-02",166.869995
"3485","2020-11-03",173.559998
"3486","2020-11-04",172.610001
"3487","2020-11-05",175.029999
"3488","2020-11-06",171.979996
"3489","2020-11-09",181.300003
"3490","2020-11-10",188.520004
"3491","2020-11-11",192.889999
"3492","2020-11-12",183.270004
"3493","2020-11-13",184.779999
"3494","2020-11-16",192.339996
"3495","2020-11-17",196.660004
"3496","2020-11-18",193.130005
"3497","2020-11-19",195.550003
"3498","2020-11-20",194.380005
"3499","2020-11-23",190
"3500","2020-11-24",193.050003
"3501","2020-11-25",192.259995
"3502","2020-11-27",192.179993
